1 0.041141
3 0.042105
5 0.04295
7 0.044103
9 0.044616
11 0.04549
13 0.045964
15 0.046654
17 0.047647
19 0.048406
21 0.049309
23 0.050304
25 0.051225
27 0.053088
29 0.054746
31 0.057119
33 0.059728
35 0.062753
37 0.066961
39 0.071661
41 0.077094
43 0.083686
45 0.09132
47 0.09923
49 0.10887
51 0.11837
53 0.12907
55 0.13978
57 0.15098
59 0.16193
61 0.17307
63 0.18323
65 0.1919
67 0.2006
69 0.20698
71 0.21204
73 0.21605
75 0.2191
77 0.22065
79 0.22192
81 0.22325
83 0.22605
85 0.23008
87 0.23643
89 0.24598
91 0.25877
93 0.2759
95 0.29663
97 0.32149
99 0.35031
101 0.38179
103 0.41609
105 0.45249
107 0.4897
109 0.52881
111 0.56865
113 0.60945
115 0.65198
117 0.69633
119 0.74356
121 0.79423
123 0.84947
125 0.90824
127 0.97165
129 1.039
131 1.1091
133 1.1801
135 1.2504
137 1.3176
139 1.3792
141 1.4327
143 1.475
145 1.5055
147 1.5222
149 1.5248
151 1.5126
153 1.4874
155 1.4491
157 1.401
159 1.344
161 1.2802
163 1.2115
165 1.1396
167 1.0649
169 0.98765
171 0.90885
173 0.82632
175 0.74054
177 0.64976
179 0.55378
181 0.45179
183 0.3441
185 0.23024
187 0.11245
189 -0.007681
191 -0.12821
193 -0.24607
195 -0.35845
197 -0.46289
199 -0.55618
201 -0.63576
203 -0.7
205 -0.74822
207 -0.77898
209 -0.79348
211 -0.79156
213 -0.77458
215 -0.74415
217 -0.70227
219 -0.64949
221 -0.58905
223 -0.52176
225 -0.44828
227 -0.37082
229 -0.28917
231 -0.20468
233 -0.11755
235 -0.028217
237 0.063849
239 0.15823
241 0.25492
243 0.3547
245 0.4579
247 0.56391
249 0.67439
251 0.79019
253 0.91103
255 1.0381
257 1.1725
259 1.3144
261 1.4655
263 1.6254
265 1.7949
267 1.9739
269 2.1619
271 2.3589
273 2.5637
275 2.7751
277 2.9922
279 3.2131
281 3.4359
283 3.6597
285 3.8822
287 4.1024
289 4.3177
291 4.528
293 4.7309
295 4.9271
297 5.1144
299 5.2931
301 5.4626
303 5.6227
305 5.7737
307 5.9151
309 6.0481
311 6.1725
313 6.2892
315 6.3977
317 6.4993
319 6.5937
321 6.6821
323 6.7637
325 6.8399
327 6.9098
329 6.9735
331 7.0318
333 7.0837
335 7.1297
337 7.1694
339 7.2033
341 7.2311
343 7.2538
345 7.2704
347 7.2823
349 7.29
351 7.2935
353 7.2933
355 7.2899
357 7.2839
359 7.276
361 7.2658
363 7.2524
365 7.2376
367 7.2193
369 7.1985
371 7.1737
373 7.1455
375 7.1135
377 7.0771
379 7.0356
381 6.9897
383 6.9399
385 6.8847
387 6.8266
389 6.764
391 6.6984
393 6.6298
395 6.5593
397 6.4862
399 6.4114
401 6.3354
403 6.2578
405 6.1786
407 6.0987
409 6.0175
411 5.9354
413 5.8517
415 5.7683
417 5.6831
419 5.5971
421 5.5107
423 5.4233
425 5.3351
427 5.2464
429 5.1562
431 5.0655
433 4.9731
435 4.8805
437 4.7866
439 4.6925
441 4.5985
443 4.5056
445 4.4134
447 4.3238
449 4.2368
451 4.1543
453 4.0756
455 4.0024
457 3.9336
459 3.8707
461 3.8124
463 3.7579
465 3.7074
467 3.6593
469 3.6126
471 3.5662
473 3.52
475 3.4727
477 3.4244
479 3.3746
481 3.3243
483 3.2732
485 3.2224
487 3.1729
489 3.1254
491 3.0806
493 3.0388
495 3.0008
497 2.9664
499 2.935