1 -0.1349
3 -0.14129
5 -0.14837
7 -0.15676
9 -0.16554
11 -0.17462
13 -0.18452
15 -0.19397
17 -0.20403
19 -0.2135
21 -0.22236
23 -0.23079
25 -0.23817
27 -0.24511
29 -0.25071
31 -0.25627
33 -0.26067
35 -0.26467
37 -0.2685
39 -0.27181
41 -0.27514
43 -0.27807
45 -0.28122
47 -0.28443
49 -0.28761
51 -0.29013
53 -0.29273
55 -0.2952
57 -0.2973
59 -0.29959
61 -0.30169
63 -0.30426
65 -0.3071
67 -0.3108
69 -0.31534
71 -0.32079
73 -0.32728
75 -0.33518
77 -0.34358
79 -0.35171
81 -0.35986
83 -0.36615
85 -0.37073
87 -0.37201
89 -0.36951
91 -0.36251
93 -0.35117
95 -0.33452
97 -0.31316
99 -0.28778
101 -0.25868
103 -0.22706
105 -0.1937
107 -0.15963
109 -0.12495
111 -0.090277
113 -0.056014
115 -0.021622
117 0.01422
119 0.051578
121 0.091529
123 0.13588
125 0.18426
127 0.23714
129 0.29482
131 0.35572
133 0.41912
135 0.48237
137 0.54289
139 0.59817
141 0.64574
143 0.68187
145 0.70525
147 0.71352
149 0.70601
151 0.68189
153 0.64281
155 0.58922
157 0.52341
159 0.44753
161 0.36482
163 0.27694
165 0.18635
167 0.096416
169 0.0068066
171 -0.080743
173 -0.16607
175 -0.24913
177 -0.3307
179 -0.41132
181 -0.491
183 -0.57014
185 -0.64811
187 -0.72436
189 -0.79719
191 -0.8651
193 -0.92499
195 -0.975
197 -1.0113
199 -1.0324
201 -1.0347
203 -1.0173
205 -0.97834
207 -0.91747
209 -0.83547
211 -0.73298
213 -0.61207
215 -0.47498
217 -0.32473
219 -0.16411
221 0.0038356
223 0.1768
225 0.35173
227 0.52754
229 0.70251
231 0.87593
233 1.0482
235 1.2189
237 1.3898
239 0
241 0
243 0
245 0
247 0
249 0
251 0
253 0
255 0
257 0
259 0
261 0
263 0
265 0
267 0
269 0
271 0
273 0
275 0
277 0
279 0
281 0
283 0
285 0
287 0
289 0
291 0
293 0
295 0
297 0
299 0
301 0
303 0
305 0
307 0
309 0
311 0
313 0
315 0
317 0
319 0
321 0
323 0
325 0
327 0
329 0
331 0
333 0
335 0
337 0
339 0
341 0
343 0
345 0
347 0
349 0
351 0
353 0
355 0
357 0
359 0
361 0
363 0
365 0
367 0
369 0
371 0
373 0
375 0
377 0
379 0
381 0
383 0
385 0
387 0
389 0
391 0
393 0
395 0
397 0
399 0
401 0
403 0
405 0
407 0
409 0
411 0
413 0
415 0
417 0
419 0
421 0
423 0
425 0
427 0
429 0
431 0
433 0
435 0
437 0
439 0
441 0
443 0
445 0
447 0
449 0
451 0
453 0
455 0
457 0
459 0
461 0
463 0
465 0
467 0
469 0
471 0
473 0
475 0
477 0
479 0
481 0
483 0
485 0
487 0
489 0
491 0
493 0
495 0
497 0
499 0