1 0.041141
3 0.042105
5 0.04295
7 0.044103
9 0.044616
11 0.04549
13 0.045964
15 0.046654
17 0.047647
19 0.048406
21 0.049309
23 0.050304
25 0.051225
27 0.053088
29 0.054746
31 0.057119
33 0.059728
35 0.062753
37 0.066961
39 0.071661
41 0.077094
43 0.083686
45 0.09132
47 0.09923
49 0.10887
51 0.11837
53 0.12907
55 0.13978
57 0.15098
59 0.16193
61 0.17307
63 0.18323
65 0.1919
67 0.2006
69 0.20698
71 0.21204
73 0.21605
75 0.2191
77 0.22065
79 0.22192
81 0.22325
83 0.22605
85 0.23008
87 0.23643
89 0.24598
91 0.25877
93 0.2759
95 0.29663
97 0.32149
99 0.35031
101 0.38179
103 0.41609
105 0.45249
107 0.4897
109 0.52881
111 0.56865
113 0.60945
115 0.65198
117 0.69633
119 0.74356
121 0.79423
123 0.84947
125 0.90824
127 0.97165
129 1.039
131 1.1091
133 1.1801
135 1.2504
137 1.3176
139 1.3792
141 1.4327
143 1.475
145 1.5055
147 1.5222
149 1.5248
151 1.5126
153 1.4874
155 1.4491
157 1.401
159 1.344
161 1.2802
163 1.2115
165 1.1396
167 1.0649
169 0.98765
171 0.90885
173 0.82632
175 0.74054
177 0.64976
179 0.55378
181 0.45179
183 0.3441
185 0.23024
187 0.11245
189 -0.007681
191 -0.12821
193 -0.24607
195 -0.35845
197 -0.46289
199 -0.55618
201 -0.63576
203 -0.7
205 -0.74822
207 -0.77898
209 -0.79348
211 -0.79156
213 -0.77458
215 -0.74415
217 -0.70227
219 -0.64949
221 -0.58905
223 -0.52176
225 -0.44828
227 -0.37082
229 -0.28917
231 -0.20468
233 -0.11755
235 -0.028217
237 0.063849
239 0.15823
241 0.25492
243 0.3547
245 0.4579
247 0.56391
249 0.67439
251 0.79019
253 0.91103
255 0
257 0
259 0
261 0
263 0
265 0
267 0
269 0
271 0
273 0
275 0
277 0
279 0
281 0
283 0
285 0
287 0
289 0
291 0
293 0
295 0
297 0
299 0
301 0
303 0
305 0
307 0
309 0
311 0
313 0
315 0
317 0
319 0
321 0
323 0
325 0
327 0
329 0
331 0
333 0
335 0
337 0
339 0
341 0
343 0
345 0
347 0
349 0
351 0
353 0
355 0
357 0
359 0
361 0
363 0
365 0
367 0
369 0
371 0
373 0
375 0
377 0
379 0
381 0
383 0
385 0
387 0
389 0
391 0
393 0
395 0
397 0
399 0
401 0
403 0
405 0
407 0
409 0
411 0
413 0
415 0
417 0
419 0
421 0
423 0
425 0
427 0
429 0
431 0
433 0
435 0
437 0
439 0
441 0
443 0
445 0
447 0
449 0
451 0
453 0
455 0
457 0
459 0
461 0
463 0
465 0
467 0
469 0
471 0
473 0
475 0
477 0
479 0
481 0
483 0
485 0
487 0
489 0
491 0
493 0
495 0
497 0
499 0