1 0
3 0
5 0
7 0
9 0
11 0
13 0
15 0
17 0
19 0
21 0
23 0
25 0
27 0
29 0
31 0
33 0
35 0
37 0
39 0
41 0
43 0
45 0
47 0
49 0
51 0
53 0
55 0
57 0
59 0
61 0
63 0
65 0
67 0
69 0
71 0
73 0
75 0
77 0
79 0
81 0
83 0
85 0
87 0
89 0
91 0
93 0
95 0
97 0
99 0
101 0
103 0
105 0
107 0
109 0
111 0
113 0
115 0
117 0
119 0
121 0
123 0
125 0
127 0
129 0
131 0
133 0
135 0
137 0
139 0
141 0
143 0
145 0
147 0
149 0
151 0
153 0
155 0
157 0
159 0
161 0
163 0
165 0
167 0
169 0
171 0
173 0
175 0
177 0
179 0
181 0
183 0
185 0
187 0
189 0
191 0
193 0
195 0
197 0
199 0
201 0
203 0
205 0
207 0
209 0
211 0
213 0
215 0
217 0
219 0
221 0
223 0
225 0
227 0
229 0
231 0
233 0
235 0
237 0
239 0
241 1.7345
243 1.9107
245 2.091
247 2.2761
249 2.4668
251 2.6629
253 2.8644
255 3.0707
257 3.281
259 3.4945
261 3.71
263 3.9266
265 4.1422
267 4.3568
269 4.5688
271 4.778
273 4.9824
275 5.1821
277 5.3771
279 5.5668
281 5.7499
283 5.9268
285 6.0968
287 6.26
289 6.4153
291 6.5627
293 6.7019
295 6.8313
297 6.9515
299 7.0617
301 7.1615
303 7.2506
305 7.3291
307 7.396
309 7.4524
311 7.4982
313 7.5334
315 7.558
317 7.5733
319 7.5793
321 7.5761
323 7.5652
325 7.5471
327 7.5218
329 7.4903
331 7.4535
333 7.4119
335 7.3658
337 7.3165
339 7.2644
341 7.2101
343 7.1535
345 7.0952
347 7.0354
349 6.9747
351 6.9132
353 6.8495
355 6.7853
357 6.7188
359 6.6521
361 6.5834
363 6.5139
365 6.4438
367 6.3735
369 6.3028
371 6.2332
373 6.1648
375 6.0981
377 6.0331
379 5.971
381 5.9103
383 5.852
385 5.7954
387 5.7398
389 5.6844
391 5.6281
393 5.5707
395 5.5098
397 5.4462
399 5.3786
401 5.3074
403 5.2316
405 5.1521
407 5.0692
409 4.9837
411 4.8962
413 4.808
415 4.7196
417 4.6323
419 4.5466
421 4.4627
423 4.3819
425 4.3038
427 4.2278
429 4.154
431 4.0831
433 4.0127
435 3.9431
437 3.8742
439 3.8052
441 3.7349
443 3.6643
445 3.5926
447 3.5197
449 3.4458
451 3.3713
453 3.2971
455 3.223
457 3.1499
459 3.0784
461 3.0091
463 2.9423
465 2.8787
467 2.8184
469 2.761
471 2.7081
473 2.6583
475 2.612
477 2.5686
479 2.5279
481 2.4888
483 2.4507
485 2.4135
487 2.3775
489 2.3407
491 2.3042
493 2.2671
495 2.2301
497 2.1937
499 2.1578