1 0
3 0
5 0
7 0
9 0
11 0
13 0
15 0
17 0
19 0
21 0
23 0
25 0
27 0
29 0
31 0
33 0
35 0
37 0
39 0
41 0
43 0
45 0
47 0
49 0
51 0
53 0
55 0
57 0
59 0
61 0
63 0
65 0
67 0
69 0
71 0
73 0
75 0
77 0
79 0
81 0
83 0
85 0
87 0
89 0
91 0
93 0
95 0
97 0
99 0
101 0
103 0
105 0
107 0
109 0
111 0
113 0
115 0
117 0
119 0
121 0
123 0
125 0
127 0
129 0
131 0
133 0
135 0
137 0
139 0
141 0
143 0
145 0
147 0
149 0
151 0
153 0
155 0
157 0
159 0
161 0
163 0
165 0
167 0
169 0
171 0
173 0
175 0
177 0
179 0
181 0
183 0
185 0
187 0
189 0
191 0
193 0
195 0
197 0
199 0
201 0
203 0
205 0
207 0
209 0
211 0
213 0
215 0
217 0
219 0
221 0
223 0
225 0
227 0
229 0
231 0
233 0
235 0
237 0
239 0
241 0
243 0
245 0
247 0
249 0
251 0
253 0
255 1.0381
257 1.1725
259 1.3144
261 1.4655
263 1.6254
265 1.7949
267 1.9739
269 2.1619
271 2.3589
273 2.5637
275 2.7751
277 2.9922
279 3.2131
281 3.4359
283 3.6597
285 3.8822
287 4.1024
289 4.3177
291 4.528
293 4.7309
295 4.9271
297 5.1144
299 5.2931
301 5.4626
303 5.6227
305 5.7737
307 5.9151
309 6.0481
311 6.1725
313 6.2892
315 6.3977
317 6.4993
319 6.5937
321 6.6821
323 6.7637
325 6.8399
327 6.9098
329 6.9735
331 7.0318
333 7.0837
335 7.1297
337 7.1694
339 7.2033
341 7.2311
343 7.2538
345 7.2704
347 7.2823
349 7.29
351 7.2935
353 7.2933
355 7.2899
357 7.2839
359 7.276
361 7.2658
363 7.2524
365 7.2376
367 7.2193
369 7.1985
371 7.1737
373 7.1455
375 7.1135
377 7.0771
379 7.0356
381 6.9897
383 6.9399
385 6.8847
387 6.8266
389 6.764
391 6.6984
393 6.6298
395 6.5593
397 6.4862
399 6.4114
401 6.3354
403 6.2578
405 6.1786
407 6.0987
409 6.0175
411 5.9354
413 5.8517
415 5.7683
417 5.6831
419 5.5971
421 5.5107
423 5.4233
425 5.3351
427 5.2464
429 5.1562
431 5.0655
433 4.9731
435 4.8805
437 4.7866
439 4.6925
441 4.5985
443 4.5056
445 4.4134
447 4.3238
449 4.2368
451 4.1543
453 4.0756
455 4.0024
457 3.9336
459 3.8707
461 3.8124
463 3.7579
465 3.7074
467 3.6593
469 3.6126
471 3.5662
473 3.52
475 3.4727
477 3.4244
479 3.3746
481 3.3243
483 3.2732
485 3.2224
487 3.1729
489 3.1254
491 3.0806
493 3.0388
495 3.0008
497 2.9664
499 2.935