1 -0.1349
3 -0.14129
5 -0.14837
7 -0.15676
9 -0.16554
11 -0.17462
13 -0.18452
15 -0.19397
17 -0.20403
19 -0.2135
21 -0.22236
23 -0.23079
25 -0.23817
27 -0.24511
29 -0.25071
31 -0.25627
33 -0.26067
35 -0.26467
37 -0.2685
39 -0.27181
41 -0.27514
43 -0.27807
45 -0.28122
47 -0.28443
49 -0.28761
51 -0.29013
53 -0.29273
55 -0.2952
57 -0.2973
59 -0.29959
61 -0.30169
63 -0.30426
65 -0.3071
67 -0.3108
69 -0.31534
71 -0.32079
73 -0.32728
75 -0.33518
77 -0.34358
79 -0.35171
81 -0.35986
83 -0.36615
85 -0.37073
87 -0.37201
89 -0.36951
91 -0.36251
93 -0.35117
95 -0.33452
97 -0.31316
99 -0.28778
101 -0.25868
103 -0.22706
105 -0.1937
107 -0.15963
109 -0.12495
111 -0.090277
113 -0.056014
115 -0.021622
117 0.01422
119 0.051578
121 0.091529
123 0.13588
125 0.18426
127 0.23714
129 0.29482
131 0.35572
133 0.41912
135 0.48237
137 0.54289
139 0.59817
141 0.64574
143 0.68187
145 0.70525
147 0.71352
149 0.70601
151 0.68189
153 0.64281
155 0.58922
157 0.52341
159 0.44753
161 0.36482
163 0.27694
165 0.18635
167 0.096416
169 0.0068066
171 -0.080743
173 -0.16607
175 -0.24913
177 -0.3307
179 -0.41132
181 -0.491
183 -0.57014
185 -0.64811
187 -0.72436
189 -0.79719
191 -0.8651
193 -0.92499
195 -0.975
197 -1.0113
199 -1.0324
201 -1.0347
203 -1.0173
205 -0.97834
207 -0.91747
209 -0.83547
211 -0.73298
213 -0.61207
215 -0.47498
217 -0.32473
219 -0.16411
221 0.0038356
223 0.1768
225 0.35173
227 0.52754
229 0.70251
231 0.87593
233 1.0482
235 1.2189
237 1.3898
239 1.5608
241 1.7345
243 1.9107
245 2.091
247 2.2761
249 2.4668
251 2.6629
253 2.8644
255 3.0707
257 3.281
259 3.4945
261 3.71
263 3.9266
265 4.1422
267 4.3568
269 4.5688
271 4.778
273 4.9824
275 5.1821
277 5.3771
279 5.5668
281 5.7499
283 5.9268
285 6.0968
287 6.26
289 6.4153
291 6.5627
293 6.7019
295 6.8313
297 6.9515
299 7.0617
301 7.1615
303 7.2506
305 7.3291
307 7.396
309 7.4524
311 7.4982
313 7.5334
315 7.558
317 7.5733
319 7.5793
321 7.5761
323 7.5652
325 7.5471
327 7.5218
329 7.4903
331 7.4535
333 7.4119
335 7.3658
337 7.3165
339 7.2644
341 7.2101
343 7.1535
345 7.0952
347 7.0354
349 6.9747
351 6.9132
353 6.8495
355 6.7853
357 6.7188
359 6.6521
361 6.5834
363 6.5139
365 6.4438
367 6.3735
369 6.3028
371 6.2332
373 6.1648
375 6.0981
377 6.0331
379 5.971
381 5.9103
383 5.852
385 5.7954
387 5.7398
389 5.6844
391 5.6281
393 5.5707
395 5.5098
397 5.4462
399 5.3786
401 5.3074
403 5.2316
405 5.1521
407 5.0692
409 4.9837
411 4.8962
413 4.808
415 4.7196
417 4.6323
419 4.5466
421 4.4627
423 4.3819
425 4.3038
427 4.2278
429 4.154
431 4.0831
433 4.0127
435 3.9431
437 3.8742
439 3.8052
441 3.7349
443 3.6643
445 3.5926
447 3.5197
449 3.4458
451 3.3713
453 3.2971
455 3.223
457 3.1499
459 3.0784
461 3.0091
463 2.9423
465 2.8787
467 2.8184
469 2.761
471 2.7081
473 2.6583
475 2.612
477 2.5686
479 2.5279
481 2.4888
483 2.4507
485 2.4135
487 2.3775
489 2.3407
491 2.3042
493 2.2671
495 2.2301
497 2.1937
499 2.1578