87.34	540
89.14	604
101.96	796
113.46	668
114.45	256
115.75	192
126.33	732
128.73	256
129.90	192
145.25	192
150.96	462
159.53	192
169.35	192
196.45	526
203.53	256
203.94	398
210.61	334
229.59	270
236.45	0
279.83	810
283.54	1002
285.81	1066
287.05	192
291.47	874
296.35	256
311.40	256
345.37	874
348.58	938
350.60	938
353.15	810
357.94	1066
362.39	1002
366.52	192
368.70	256
411.80	256
434.75	192
75.82	797
84.69	541
86.90	1
97.96	605
100.91	733
104.03	193
105.67	669
168.55	335
169.60	527
177.15	257
188.15	257
213.92	463
216.06	399
218.78	193
229.63	193
238.58	193
238.67	811
243.20	1
248.30	193
257.94	271
260.80	1
284.12	1
313.52	875
323.50	1067
336.70	1003
338.73	1067
339.60	193
341.05	257
343.34	811
367.44	939
380.95	875
387.48	939
395.58	1003
399.47	193
401.42	257
462.72	1
85.22	734
88.20	194
95.47	606
99.68	194
104.07	542
113.18	194
120.64	670
135.64	336
144.66	798
164.87	400
205.35	272
207.78	2
208.68	464
213.75	194
224.58	194
233.65	194
243.85	194
258.18	528
271.05	258
282.62	258
286.64	812
296.07	812
305.24	876
305.36	876
306.62	940
334.07	1004
336.80	194
353.86	1068
358.41	1004
360.83	940
363.58	1068
390.67	258
431.45	258
443.15	194
461.32	194
95.65	607
96.88	799
98.74	543
106.75	195
127.77	735
131.68	195
135.44	273
143.57	671
145.60	195
150.63	3
168.79	941
169.08	401
173.20	131
186.47	465
191.08	195
203.18	195
213.78	529
214.80	337
240.00	813
268.89	1069
269.82	1005
271.02	877
272.77	195
273.64	1069
324.63	813
344.28	1005
348.17	195
366.50	259
393.97	259
400.67	941
405.40	131
419.90	877
421.80	67
455.40	67
77.69	544
80.05	4
86.75	736
90.90	196
94.32	800
102.26	672
103.33	196
104.89	608
206.80	466
207.97	402
208.08	338
211.50	196
223.03	196
224.67	530
232.30	196
263.33	274
266.47	4
266.51	1006
270.30	196
295.71	942
301.16	878
306.13	1006
312.85	1070
313.50	196
352.70	814
360.57	4
361.71	942
388.95	814
392.25	4
410.07	260
427.12	4
434.97	878
438.41	1070
462.47	4
93.18	673
102.99	545
105.68	5
106.25	801
113.31	609
119.95	737
126.73	197
141.18	197
145.66	467
152.25	197
162.95	197
197.90	275
199.30	5
205.51	403
212.31	339
223.25	5
249.90	531
262.97	261
267.58	1007
273.10	197
274.42	261
279.27	815
281.22	5
308.38	879
313.32	879
334.55	943
338.18	943
346.67	197
359.75	815
360.95	1071
361.60	5
374.60	1071
403.92	1007
406.35	261
409.22	197
428.87	197
438.42	261
462.20	5
464.82	197
76.16	738
89.55	198
103.55	198
110.83	610
113.07	802
125.46	546
127.95	6
147.76	674
192.08	276
194.53	6
205.64	532
208.98	6
215.78	262
226.78	262
241.48	340
242.86	468
248.56	404
249.23	198
287.49	944
292.87	1008
293.10	1072
297.51	944
298.14	816
303.30	198
319.60	262
324.66	1072
329.51	816
334.80	262
335.10	6
350.65	198
352.80	262
364.20	1008
375.15	198
406.58	880
412.32	880
459.35	70
91.91	739
92.06	611
95.13	71
98.96	547
101.39	803
123.04	675
125.20	263
139.88	263
175.83	277
178.60	7
184.33	817
193.60	7
203.21	533
207.73	469
213.83	263
218.90	199
225.70	263
230.13	199
255.04	341
292.57	1009
306.47	945
319.05	199
323.30	881
328.85	881
329.48	1009
348.90	945
352.81	817
355.90	199
361.82	7
380.77	1073
400.10	263
413.15	263
431.47	263
443.15	263
453.56	1073
473.02	263
97.99	740
102.68	548
104.15	8
107.22	804
107.63	200
109.00	612
122.13	200
129.58	264
130.68	676
143.18	136
143.98	264
160.25	278
161.30	8
173.98	136
203.57	342
208.75	8
224.54	534
233.83	264
240.54	470
245.73	264
246.35	200
274.92	1010
278.33	882
278.40	1074
282.28	818
282.80	200
284.05	8
293.05	818
295.35	8
295.95	264
315.71	946
321.75	882
325.20	136
333.62	946
341.80	136
363.26	1010
366.43	1074
371.20	200
384.12	264
388.27	200
399.85	264
444.47	136
461.90	8
493.90	136
91.31	741
91.96	613
96.40	201
100.54	549
102.23	9
106.01	805
109.15	201
110.96	677
131.93	471
137.58	201
148.16	279
149.20	201
149.23	9
161.75	201
174.06	343
204.36	535
210.50	137
212.45	265
223.85	265
244.99	883
248.23	1075
267.90	265
276.49	1011
280.62	201
284.65	265
295.61	947
301.68	819
302.92	265
303.90	9
306.37	137
330.55	947
331.68	819
333.67	9
341.47	137
342.54	1011
347.25	201
365.29	883
386.09	1075
405.42	265
415.22	201
415.40	137
440.07	265
462.77	9
495.05	137
76.88	678
102.95	202
107.13	806
114.70	202
117.92	742
122.54	614
133.54	550
140.33	10
168.20	472
172.73	202
179.75	344
184.20	202
206.67	536
211.88	1076
213.21	280
217.73	266
228.83	266
238.88	266
248.29	820
285.47	948
304.98	820
316.48	884
334.73	884
350.35	1012
353.45	202
366.26	1012
376.87	948
407.35	1076
433.97	266
466.72	266
494.47	138
75.85	743
78.28	203
88.25	203
94.44	679
107.42	551
108.98	203
109.90	11
112.05	807
113.76	615
151.08	345
210.31	473
215.25	203
226.00	203
232.40	537
234.95	203
244.45	203
244.70	281
244.95	267
246.38	11
284.00	11
289.68	1077
307.50	1013
309.80	203
309.99	885
312.85	1077
328.64	949
335.27	267
337.70	139
363.94	949
370.13	821
372.47	139
372.60	11
374.78	821
391.24	885
395.70	203
406.00	11
414.67	203
426.52	11
430.14	1013
432.60	203
444.62	139
463.00	11
96.57	680
96.75	552
97.73	12
101.10	140
102.83	204
104.37	744
112.56	616
144.03	808
190.99	282
191.80	12
207.65	474
210.58	140
212.08	204
212.44	538
223.45	204
232.50	204
242.00	204
251.30	140
262.79	346
277.66	886
314.36	950
317.45	1078
317.92	140
318.56	1014
320.67	204
324.97	822
325.09	950
326.42	12
332.50	822
373.40	140
407.67	1014
409.67	204
412.45	886
414.62	268
426.67	12
443.97	140
457.48	1078
461.62	12
493.15	204
493.65	140
89.37	617
92.15	77
100.40	745
103.08	205
109.30	553
111.23	13
125.95	205
129.04	681
132.01	809
137.38	475
142.63	205
143.78	141
153.20	205
163.45	205
168.41	347
173.48	141
174.70	205
187.54	539
210.13	141
212.80	887
220.22	283
221.70	13
258.63	13
269.05	823
274.52	13
283.28	823
285.09	887
287.60	1015
289.82	205
293.77	13
307.93	1015
313.94	951
322.25	1079
325.02	141
329.00	1079
354.88	951
364.10	141
413.90	141
445.75	141
95.40	78
101.17	554
101.71	682
106.24	746
108.23	206
118.31	618
135.15	206
192.34	476
197.45	206
208.35	206
210.95	348
248.19	824
257.10	14
264.63	284
267.42	14
282.70	14
283.17	952
292.78	1016
294.15	142
295.62	206
324.73	888
340.75	824
343.67	14
349.36	888
350.55	1016
352.02	952
356.35	206
363.47	142
72.30	555
73.10	15
100.04	747
105.05	207
108.16	683
112.18	143
118.53	207
119.74	619
131.65	143
149.69	349
172.95	143
176.70	477
181.73	207
203.83	207
210.90	143
211.30	285
212.65	15
226.33	889
251.05	143
258.10	15
259.47	889
295.93	825
297.70	15
318.60	953
321.22	143
323.68	825
324.95	15
344.75	1017
349.12	207
361.44	1017
362.75	15
369.50	953
372.02	143
431.65	143
433.72	207
452.30	207
462.60	15
494.00	143
87.62	684
91.18	144
96.04	620
97.70	556
98.80	16
105.73	748
115.05	208
129.33	208
173.17	286
174.10	16
209.73	144
213.19	350
234.92	478
240.80	208
252.00	208
265.47	208
274.54	1018
282.55	208
296.27	1018
305.87	890
315.23	954
318.45	144
322.82	954
323.17	826
324.52	16
344.07	16
349.17	826
351.90	16
359.77	890
373.20	144
374.30	16
414.62	144
426.60	16
462.57	16
90.48	749
93.48	621
100.76	557
120.17	685
195.80	351
214.94	287
223.18	17
244.61	479
249.22	827
252.48	209
261.58	955
289.55	145
336.56	1019
350.58	827
356.10	209
361.18	1019
361.91	891
370.85	209
443.93	955
450.60	891
452.52	81
478.95	145
488.00	81
85.69	558
87.05	18
100.40	750
105.59	622
108.80	210
123.23	210
125.25	686
130.18	146
151.27	352
155.45	146
181.69	288
183.28	18
190.80	146
251.20	146
262.69	480
268.85	210
279.90	210
289.45	892
291.15	210
298.83	956
302.72	146
303.71	828
306.07	18
337.92	1020
345.20	210
369.58	956
373.47	146
402.32	210
407.95	828
411.90	18
413.65	146
426.77	18
430.72	892
431.51	1020
438.60	210
444.75	146
447.15	18
458.15	82
488.87	210
490.75	18
93.10	147
97.56	623
99.76	559
100.83	19
103.98	211
105.63	751
105.95	687
108.50	147
131.45	147
157.33	147
172.57	353
190.53	147
196.02	481
201.13	211
210.68	147
222.38	211
224.44	289
225.43	19
250.75	147
276.77	893
283.60	19
309.66	957
311.42	147
323.95	957
343.09	829
344.25	19
345.43	829
359.10	893
394.77	19
397.18	1021
400.95	211
406.48	1021
414.57	147
426.32	19
445.52	147
462.57	19
489.02	211
92.96	560
94.40	20
100.95	212
105.76	688
107.26	624
111.93	752
112.75	212
113.58	148
175.30	354
176.02	290
177.43	20
199.59	482
204.15	212
208.05	20
210.33	148
224.60	212
234.48	212
251.53	148
262.29	830
267.25	20
275.38	958
279.20	148
297.89	958
303.54	1022
306.10	212
349.27	830
352.00	20
353.88	894
375.23	1022
379.57	212
401.55	894
405.32	84
88.72	561
94.00	21
97.72	625
100.70	213
111.58	689
112.50	213
133.94	753
137.13	213
153.54	291
156.18	21
161.85	483
167.10	213
171.53	21
178.43	213
187.58	213
196.38	895
217.55	355
252.28	149
274.77	831
280.55	1023
282.60	21
282.75	213
286.25	895
337.03	1023
342.15	213
353.60	959
360.87	149
369.59	831
377.48	959
384.77	149
413.72	149
92.98	150
101.40	562
101.83	214
102.80	22
104.89	626
106.27	690
108.09	754
108.75	150
130.50	214
131.58	150
156.48	150
190.18	150
229.06	356
235.81	896
240.35	214
242.05	292
243.10	22
250.90	150
257.81	960
259.93	150
279.31	484
283.92	214
294.26	896
294.31	1024
295.62	214
322.22	832
323.62	22
328.65	832
329.30	960
331.20	150
343.26	1024
362.05	22
413.97	150
463.47	22
83.33	627
86.03	87
103.80	215
108.43	563
110.23	23
115.80	215
118.91	691
122.20	151
132.34	755
135.68	215
143.25	151
171.95	151
210.28	151
213.97	293
215.78	23
216.35	357
239.95	215
250.70	151
254.60	485
258.93	23
267.57	215
276.92	215
286.42	215
298.75	897
299.95	1025
302.20	215
314.20	833
316.27	23
320.31	1025
340.36	961
342.67	151
344.64	897
370.26	833
372.32	23
387.42	151
394.27	23
396.63	961
398.92	151
427.25	23
471.17	151
92.50	88
99.13	756
101.93	628
102.18	216
110.69	692
120.29	564
125.35	216
168.98	486
173.45	216
184.85	216
204.69	358
213.59	1026
216.63	216
228.15	294
234.35	24
264.72	962
277.56	1026
281.20	216
283.65	152
305.07	152
329.43	962
350.50	898
359.90	898
369.29	834
418.64	834
425.05	24
92.85	89
95.42	757
96.11	629
99.25	565
100.00	217
108.76	693
111.83	217
116.13	153
182.31	295
185.03	25
208.65	25
215.78	359
229.82	487
234.50	217
236.96	1027
251.58	153
284.06	1027
289.42	217
355.27	899
358.02	217
374.68	963
375.46	835
378.75	899
379.12	153
380.80	835
382.75	25
408.60	25
413.17	153
417.85	963
422.32	153
422.62	89
457.77	153
90.74	758
99.65	218
99.86	630
102.02	694
104.63	154
113.75	218
120.52	566
121.85	26
131.70	154
154.59	296
155.85	26
174.92	360
190.30	154
225.10	1028
225.24	964
226.90	154
232.13	218
245.75	218
263.37	900
263.46	836
267.05	26
275.16	488
281.30	218
286.30	836
291.92	26
293.60	218
344.36	964
346.27	154
349.73	900
407.07	1028
414.02	218
414.90	154
463.60	26
463.97	218
94.96	759
96.80	567
108.21	695
111.23	631
114.28	155
165.06	489
172.45	219
183.88	219
206.19	837
209.35	27
210.79	361
237.93	155
238.64	297
241.00	27
258.58	27
258.77	965
263.07	155
281.37	965
285.86	901
305.81	1029
323.47	219
336.51	901
364.62	219
379.10	837
383.35	27
455.50	1029
472.97	219
486.80	219
58.24	568
64.43	28
86.13	760
93.55	632
95.63	220
100.76	696
109.63	220
168.97	490
175.05	220
186.75	220
199.63	362
242.17	298
251.68	156
312.00	966
315.19	1030
323.15	220
326.65	156
337.02	966
349.30	156
352.79	902
374.72	156
389.99	838
393.88	1030
394.02	902
396.50	838
401.77	220
407.92	28
64.18	761
68.93	221
79.75	221
109.82	697
113.48	157
117.00	221
125.24	569
127.58	29
131.08	157
139.53	633
156.98	157
162.63	1031
166.75	221
176.47	299
178.68	29
190.45	157
198.39	363
209.30	29
209.32	491
226.18	221
236.88	221
251.98	157
285.43	839
308.42	839
312.30	29
314.89	903
316.97	903
357.74	967
360.27	157
360.50	1031
364.80	221
387.29	967
435.17	221
443.62	157
467.92	157
494.17	157
97.64	698
97.93	762
99.75	222
101.70	158
110.73	222
122.23	222
122.87	570
126.43	30
131.08	634
190.38	158
201.48	492
206.10	222
211.68	364
227.30	222
232.06	968
235.20	158
239.03	222
246.03	300
249.75	30
280.12	904
315.04	1032
317.75	222
336.66	840
343.27	30
346.18	968
349.67	158
353.55	840
361.95	30
374.17	904
394.05	222
405.04	1032
408.12	222
444.87	158
482.07	222
84.24	571
97.58	699
99.35	223
110.93	223
120.72	763
123.88	223
129.09	635
160.20	365
211.36	493
211.66	301
216.28	223
227.05	223
235.98	223
245.58	223
286.88	905
310.51	841
316.30	841
319.56	969
321.64	905
354.45	1033
356.90	223
363.27	969
392.45	159
399.67	1033
404.82	223
445.17	159
81.85	636
86.48	96
100.90	224
109.43	700
112.60	224
116.20	572
128.83	764
131.75	224
156.78	366
201.02	302
208.83	32
240.40	224
251.23	160
259.04	970
264.39	494
268.07	160
270.50	224
280.08	970
280.42	224
289.02	160
289.87	224
295.62	906
298.29	842
302.27	224
319.23	842
369.53	906
371.65	1034
373.09	1034
373.87	224
92.60	97
103.10	225
108.40	637
111.65	573
112.87	765
114.88	225
116.90	701
122.33	161
138.53	225
177.96	303
189.53	161
209.63	495
214.65	225
225.55	225
231.60	367
234.63	225
244.58	225
304.04	907
313.57	1035
315.82	225
334.11	843
340.72	971
344.60	161
352.45	843
384.00	907
398.63	1035
400.50	971
401.20	225
404.10	161
467.77	161
493.07	161
68.16	702
77.53	162
77.77	638
80.48	98
86.83	766
90.05	226
99.44	574
101.45	226
114.20	226
186.43	368
192.25	496
197.30	226
208.13	226
228.31	304
231.55	226
232.51	844
302.02	844
314.59	908
320.66	1036
323.70	226
325.41	972
334.62	162
341.53	972
350.75	162
372.60	162
389.31	1036
393.00	226
419.71	908
421.65	98
445.30	162
456.30	98
466.17	226
82.71	639
85.33	99
88.04	767
92.98	227
98.06	703
106.10	227
117.82	575
207.27	497
212.43	227
223.68	227
225.33	305
228.65	845
229.93	369
233.33	227
295.32	973
306.62	1037
310.75	227
316.00	845
317.94	973
327.78	1037
347.52	909
355.28	909
400.82	227
81.01	640
84.05	100
98.10	704
100.52	576
102.91	768
112.15	228
126.55	228
200.94	370
205.40	498
211.38	228
223.28	306
223.35	228
234.89	846
257.12	910
282.65	1038
284.61	974
290.42	228
292.82	164
303.71	1038
305.65	228
312.60	974
320.85	164
378.03	910
389.88	846
105.67	769
109.35	705
112.56	577
113.92	641
130.38	307
191.20	165
203.35	371
204.06	499
211.93	229
223.55	229
227.26	975
237.90	165
250.15	165
257.98	911
277.05	847
278.50	165
309.91	975
320.85	165
328.49	1039
348.07	229
353.82	1039
355.94	911
384.88	847
414.40	229
90.66	642
95.40	102
106.02	578
110.70	770
112.14	706
122.90	230
137.83	230
186.34	500
191.45	308
194.03	230
205.73	230
249.54	372
264.66	976
280.70	1040
291.17	230
305.92	230
310.44	976
311.52	1040
315.58	848
339.47	848
349.04	912
352.86	912
372.12	230
413.22	166
83.84	771
86.03	643
90.08	231
103.80	231
115.78	579
135.66	707
189.41	501
190.90	167
195.33	231
204.67	977
206.20	231
207.02	373
211.38	309
218.83	231
250.30	167
255.45	913
302.76	849
319.50	849
324.15	913
336.43	1041
341.87	231
371.68	977
406.11	1041
409.72	231
92.01	580
93.79	708
94.17	644
95.89	772
99.68	232
110.80	232
124.38	232
185.55	374
190.42	502
195.85	232
206.75	232
210.73	310
301.94	978
313.33	1042
316.75	232
319.70	168
329.11	850
336.54	914
337.72	978
343.54	914
343.79	1042
356.95	168
393.53	850
495.60	168
97.77	773
99.38	233
110.23	233
111.90	645
119.91	581
121.43	233
132.40	709
154.99	311
189.47	375
189.56	503
194.78	233
205.63	233
262.39	915
279.10	979
282.63	915
307.44	851
308.79	1043
311.55	233
336.73	979
351.25	851
383.13	1043
387.60	233
72.10	710
99.41	646
100.60	234
108.15	774
111.68	234
114.10	582
217.23	440
222.95	312
225.54	376
228.78	170
229.82	504
234.15	234
240.33	170
245.25	234
261.03	980
265.12	234
297.77	170
311.93	852
312.97	170
338.60	916
355.10	980
355.35	916
366.66	852
391.90	170
403.10	1044
405.62	234
407.47	170
436.21	1044
441.82	234
79.66	711
93.58	107
102.80	235
112.95	775
114.60	235
123.05	647
123.60	583
156.75	377
177.56	505
182.13	235
185.80	441
194.00	171
202.68	235
205.03	171
241.95	313
290.31	981
302.85	917
303.46	981
307.75	171
324.86	853
330.10	917
348.74	1045
351.77	235
357.63	1045
362.37	171
398.45	853
404.52	43
443.07	235
461.20	235
84.86	712
93.20	108
101.68	584
108.73	236
115.15	648
116.90	776
121.50	236
133.00	236
144.97	314
178.47	378
180.97	506
182.27	854
185.83	236
189.18	442
195.85	172
206.68	172
207.90	236
256.31	918
278.02	918
301.33	1046
304.80	236
314.07	1046
319.10	236
353.70	854
370.77	982
381.55	172
393.97	236
414.50	236
418.74	982
430.50	172
474.07	172
94.10	109
111.29	649
118.43	777
120.43	237
122.46	585
125.24	713
132.05	237
135.18	173
149.38	173
157.69	379
179.34	443
185.73	173
211.14	315
232.81	507
237.93	237
240.99	983
248.65	173
249.00	237
251.73	983
259.42	919
268.51	855
283.92	1047
289.30	237
310.52	855
315.97	173
325.96	1047
334.62	237
393.38	919
100.80	586
103.62	778
111.29	714
116.23	238
120.28	174
130.30	238
131.11	650
171.53	316
181.39	380
198.56	508
205.55	238
225.68	856
248.80	444
269.97	1048
272.54	920
280.47	238
297.55	238
321.31	984
328.67	174
343.62	984
376.69	856
402.16	1048
406.40	174
412.52	238
422.20	920
424.02	110
95.93	587
96.09	779
114.86	651
124.20	715
134.00	175
148.28	175
180.61	509
189.98	239
197.99	381
202.08	239
210.95	317
255.76	445
262.32	175
273.77	175
284.07	1049
285.95	175
310.65	239
340.70	1049
346.05	239
361.71	921
366.81	985
367.67	239
368.01	857
374.85	175
376.67	985
378.75	857
393.13	921
395.65	239
424.80	111
442.37	175
86.28	652
90.38	588
95.08	48
120.11	780
130.33	716
143.58	176
157.58	176
168.64	318
191.25	382
224.38	510
225.13	446
225.19	858
232.03	240
232.13	176
243.55	240
244.05	176
274.72	858
281.10	986
291.62	176
302.96	1050
316.89	986
320.40	240
325.47	922
330.10	176
335.72	240
348.61	922
356.31	1050
374.05	240
374.80	176
410.00	240
101.43	653
102.67	717
104.70	241
107.26	781
110.03	589
116.95	241
159.66	383
207.18	319
228.55	447
235.90	177
247.13	177
277.01	923
286.44	1051
295.05	241
299.89	859
307.40	987
311.43	1051
312.42	511
314.12	987
319.60	241
325.05	177
343.73	923
372.42	241
394.16	859
423.52	49
92.59	782
99.20	242
105.94	718
111.55	242
114.18	590
123.10	654
198.88	448
205.86	320
206.87	384
210.15	178
222.18	178
225.38	512
230.63	242
242.08	242
252.28	242
258.47	1052
264.80	242
292.97	988
296.00	1052
303.05	242
326.53	860
329.50	860
329.85	178
331.83	988
360.76	924
368.95	178
408.44	924
61.77	591
64.58	51
100.90	243
104.33	719
112.73	243
130.29	783
130.44	655
136.10	243
196.37	513
201.68	243
207.00	449
216.04	385
225.30	243
267.33	321
275.87	925
277.71	861
289.79	1053
291.44	989
293.95	243
299.52	989
332.18	925
341.53	861
366.97	243
386.32	1053
389.00	179
390.72	243
409.80	179
89.14	656
101.48	244
110.42	720
111.81	784
113.28	244
130.57	592
133.08	180
147.70	180
210.09	386
233.24	514
237.90	244
245.02	322
246.05	450
248.88	244
267.53	1054
271.92	244
280.98	990
298.52	180
307.80	1054
313.97	244
325.58	862
325.90	926
326.79	926
344.87	862
403.14	990
421.00	180
435.42	180
87.76	785
92.65	245
105.50	245
105.71	657
109.01	593
120.85	245
121.72	721
131.90	181
144.52	451
146.50	181
157.80	181
235.76	991
244.30	181
249.70	245
251.53	387
257.49	515
263.41	323
265.15	245
271.82	863
285.00	245
291.50	991
300.42	181
311.18	1055
315.32	245
317.59	863
330.72	927
363.18	1055
369.17	245
381.25	927
102.57	722
109.10	182
113.15	246
114.98	594
121.48	786
123.48	182
127.43	246
142.11	658
157.11	516
162.85	246
174.33	246
177.68	324
182.37	452
186.39	928
187.68	182
210.90	182
227.09	388
270.40	928
275.24	992
280.44	864
280.62	182
294.66	992
298.62	182
298.80	864
306.50	1056
311.82	246
327.82	1056
364.47	182
70.62	659
89.83	595
100.79	787
110.95	247
118.54	723
123.65	183
125.33	247
137.93	183
140.04	325
186.46	453
191.35	183
192.59	389
203.28	183
225.03	517
231.30	247
242.93	247
244.33	1057
279.90	865
307.04	865
307.82	929
309.43	1057
310.75	247
319.48	993
323.82	183
367.82	929
368.91	993
374.75	183
86.97	660
93.00	120
103.96	788
105.81	596
110.04	724
114.60	184
125.60	248
128.25	184
140.18	248
159.06	326
192.02	454
197.38	184
208.25	184
218.27	518
220.08	184
227.45	248
239.08	1058
239.28	248
284.90	930
292.47	248
305.13	866
312.74	390
331.19	994
335.10	184
341.82	994
362.63	930
388.14	1058
405.55	248
436.35	866
439.10	248
457.40	56
73.61	661
94.22	789
110.29	597
127.72	725
132.80	185
146.55	185
158.68	391
173.85	327
230.97	455
235.78	185
235.85	519
246.93	185
248.30	249
270.74	1059
276.44	867
288.38	1059
316.12	249
331.64	995
332.47	249
335.87	185
342.93	931
344.92	867
355.42	931
361.45	249
395.38	995
399.65	185
466.92	185
88.11	726
89.29	598
92.75	58
94.58	186
108.55	186
117.99	662
124.23	790
156.39	520
167.88	250
173.59	392
179.75	250
208.99	328
217.03	456
222.53	186
233.63	186
244.10	186
285.06	996
290.40	186
300.34	868
304.85	932
310.92	868
310.96	1060
341.33	996
347.82	250
349.00	186
356.88	1060
393.75	250
408.35	186
410.18	932
411.70	250
82.92	663
101.91	791
114.47	727
122.83	251
125.38	187
137.73	251
139.95	187
140.69	599
182.46	521
192.18	393
193.43	251
205.90	251
218.18	457
224.63	187
235.98	187
263.47	329
270.96	997
279.55	187
280.48	997
288.24	869
301.24	1061
305.75	933
314.43	933
318.60	251
325.40	1061
374.41	869
385.92	251
74.58	728
92.32	600
95.58	60
102.09	664
105.63	252
106.16	792
143.51	394
204.01	330
204.44	522
211.08	252
223.18	252
227.94	1062
228.30	458
235.68	188
238.50	252
241.99	934
246.93	188
271.46	998
281.57	252
288.92	188
305.77	188
314.12	934
315.12	870
319.65	998
337.60	188
350.82	870
370.67	1062
372.90	188
381.47	252
396.97	252
90.77	729
103.20	253
105.19	601
115.15	253
115.60	793
127.13	253
131.49	665
219.88	459
220.93	331
223.25	523
229.40	253
234.25	189
241.20	253
245.68	189
255.94	395
259.23	999
290.68	1063
298.55	253
303.92	871
304.65	189
315.62	253
319.30	189
319.66	1063
325.30	935
326.86	871
365.94	935
426.12	999
471.62	189
495.10	189
91.00	794
94.91	730
98.88	666
99.85	254
109.23	190
113.50	254
117.13	602
123.75	190
166.64	396
172.42	460
172.79	524
178.80	254
179.50	190
190.10	254
191.45	190
236.66	332
292.66	872
298.94	1064
300.31	936
305.97	254
321.76	936
326.98	1064
344.30	872
345.42	1000
355.01	1000
356.07	190
395.40	254
412.75	254
94.62	667
95.87	795
100.86	603
103.83	731
105.35	255
110.33	191
119.68	255
124.75	191
175.28	397
189.89	333
218.88	461
224.30	191
226.35	525
232.30	255
235.38	191
243.83	255
246.03	191
249.29	1065
251.07	873
297.44	1001
302.75	191
310.95	255
335.62	1001
342.82	937
344.12	191
348.01	937
365.59	1065
371.35	873
373.45	255
402.90	191
426.32	255
