97.84	540
99.59	604
111.97	796
123.08	668
135.51	732
143.05	192
149.40	462
175.18	192
183.93	526
189.62	398
189.73	256
194.69	334
209.10	270
211.18	256
215.80	0
257.36	810
261.30	1002
263.71	1066
264.77	192
269.73	874
274.27	256
280.50	192
289.85	256
318.05	256
326.98	874
330.38	938
332.53	938
335.24	810
337.85	192
340.32	1066
345.05	1002
349.60	192
351.05	256
86.71	797
95.28	541
97.53	1
108.10	605
110.95	733
114.78	193
115.55	669
162.75	335
163.55	527
170.43	257
194.15	257
197.20	463
198.82	399
202.13	193
213.40	193
213.66	811
222.20	193
230.62	271
232.60	1
258.68	1
293.15	875
303.75	1067
317.76	1003
319.92	1067
320.62	193
321.27	257
324.82	811
350.41	939
364.76	875
371.69	939
380.30	1003
384.42	193
385.32	257
455.70	193
95.80	734
99.88	194
105.70	606
112.48	194
114.01	542
130.01	670
137.77	336
153.22	798
159.96	400
190.69	272
193.22	464
193.30	2
197.58	194
230.80	528
239.50	194
240.28	258
251.53	258
264.59	812
274.61	812
282.00	2
284.35	876
284.48	876
285.82	940
314.98	1004
317.67	194
335.99	1068
340.82	1004
343.39	940
346.32	1068
372.90	258
412.87	258
105.87	607
107.06	799
108.86	543
117.83	195
130.35	195
136.91	735
137.62	273
139.44	941
144.38	195
152.16	671
163.16	401
176.36	465
181.75	195
192.83	195
197.09	529
197.87	337
212.73	195
215.07	813
215.90	259
245.75	1069
246.74	1005
248.01	877
249.60	195
250.79	1069
304.95	813
325.82	1005
327.95	195
343.25	259
385.70	941
406.12	877
407.80	67
441.15	67
88.52	544
90.90	4
97.27	736
103.28	196
104.59	800
112.26	672
114.80	608
117.05	196
191.80	466
192.68	402
192.76	338
196.28	196
205.36	530
234.71	274
238.53	4
243.22	1006
246.95	196
258.80	4
274.23	942
280.02	878
285.30	1006
291.22	196
292.44	1070
334.75	814
341.65	4
344.32	942
373.26	814
377.47	4
389.85	260
410.92	4
422.13	878
425.78	1070
103.49	673
112.96	545
115.73	5
116.12	801
122.93	609
129.35	737
145.38	467
150.38	197
185.03	275
186.45	5
190.82	403
195.97	339
214.55	5
224.52	531
235.48	261
244.35	1007
247.05	261
249.75	197
256.77	815
258.45	5
266.05	197
287.68	879
292.94	879
311.47	197
315.48	943
319.33	943
342.24	815
343.52	1071
344.75	5
358.01	1071
389.00	261
389.15	1007
394.52	197
421.67	261
432.85	261
447.57	5
458.57	197
87.05	738
120.53	610
122.70	802
134.67	546
137.20	6
156.22	674
180.61	276
183.35	6
190.91	532
199.55	262
210.85	262
218.13	340
219.17	468
223.50	404
224.68	198
236.68	198
246.85	198
265.50	944
271.22	1008
271.46	1072
276.15	944
276.81	816
281.62	198
282.15	6
297.95	262
304.98	1072
310.13	816
313.02	262
315.37	6
326.07	198
332.47	262
346.97	1008
357.92	198
391.98	880
398.07	880
102.26	739
102.41	611
105.48	71
109.07	547
111.42	803
132.33	675
155.94	817
167.75	7
168.28	277
178.58	135
189.07	533
192.50	469
195.98	263
201.18	199
212.55	199
219.68	263
228.42	341
270.90	1009
285.66	945
297.37	199
303.53	881
309.43	881
310.10	1009
312.57	199
330.72	945
333.70	199
334.88	817
342.80	7
364.57	1073
367.40	199
370.80	135
384.05	263
397.35	263
415.77	263
428.50	263
441.87	1073
461.20	263
492.85	263
108.13	740
112.67	548
114.15	8
117.05	804
118.77	612
139.72	676
147.98	136
156.45	278
157.60	8
177.35	136
189.34	342
205.26	534
212.08	264
217.41	470
222.48	200
223.15	264
236.98	264
252.16	1010
255.77	882
255.85	1074
259.97	818
260.15	200
267.10	8
271.41	818
273.37	264
295.48	946
301.89	882
304.80	136
311.47	264
312.02	200
314.49	946
322.62	136
345.97	1010
349.34	1074
353.87	200
367.02	264
447.25	8
101.68	741
102.31	613
108.38	201
110.60	549
112.35	9
115.88	805
120.66	677
122.95	201
134.95	471
140.25	201
147.27	279
148.38	9
148.83	137
160.88	201
166.93	343
189.94	535
196.83	265
220.25	265
220.36	883
223.80	1075
243.40	265
253.82	1011
257.95	201
274.13	947
280.52	265
280.57	819
282.45	9
285.25	137
311.24	947
312.44	819
314.35	9
322.12	137
323.97	1011
328.55	201
348.13	883
370.22	1075
389.65	265
391.17	201
423.77	265
447.07	9
87.74	678
113.65	202
116.96	806
127.39	742
131.85	614
142.48	550
149.75	10
162.49	472
167.33	202
171.25	344
178.30	202
185.21	1076
191.69	536
196.66	280
200.40	266
211.43	266
223.87	820
247.33	266
263.35	948
284.08	820
296.29	884
315.67	884
332.27	1012
335.30	202
349.16	1012
360.42	948
392.80	1076
419.35	266
442.42	266
453.07	266
474.45	138
86.74	743
89.93	203
102.00	203
104.71	679
115.85	139
117.24	551
119.88	11
121.71	807
123.37	615
149.49	345
194.46	473
199.25	203
210.53	203
211.23	537
219.68	203
220.57	281
222.13	267
222.50	11
239.08	203
258.53	11
267.82	1077
286.75	1013
289.02	203
289.40	885
292.43	1077
309.21	949
313.42	267
318.20	139
339.10	267
346.69	949
353.27	821
355.17	139
355.35	11
356.77	267
358.21	821
367.02	11
370.17	139
375.69	885
388.12	11
398.95	139
410.22	11
417.01	1013
419.27	203
106.77	680
106.94	552
107.93	12
110.55	140
113.43	204
114.30	744
122.21	616
148.28	140
152.61	808
179.79	282
180.68	12
192.44	474
196.07	538
196.50	140
196.58	204
215.08	268
234.30	346
238.55	204
255.06	886
294.04	950
297.32	1078
297.57	140
298.50	1014
300.67	204
305.31	822
305.43	950
306.90	12
313.30	822
355.47	140
355.57	12
383.90	204
393.14	1014
394.67	268
395.67	204
398.21	886
446.04	1078
446.32	12
474.80	140
99.81	617
102.65	77
110.46	745
113.73	205
119.06	553
121.05	13
127.30	205
138.13	681
139.09	475
141.00	809
143.90	205
147.38	141
162.65	347
174.75	205
177.17	539
178.13	141
186.18	887
201.98	283
203.53	13
235.20	13
245.92	823
249.73	13
261.03	823
262.96	887
265.62	1015
267.87	205
268.90	13
282.50	205
287.21	1015
293.60	951
302.42	1079
304.35	141
309.59	1079
337.07	951
346.27	141
399.22	141
447.32	13
106.23	78
111.21	554
111.73	682
116.10	746
119.48	206
127.76	618
134.20	206
180.82	476
185.70	206
194.95	348
196.65	206
216.00	206
223.77	824
235.70	284
239.03	14
258.18	14
260.92	952
271.12	1016
271.80	142
273.97	206
305.05	888
322.07	824
324.85	14
331.21	888
332.47	1016
334.03	952
337.27	206
345.10	142
83.32	555
84.13	15
110.11	747
117.20	207
117.96	683
121.48	143
129.14	619
131.90	207
148.44	349
168.94	477
173.78	207
177.40	143
194.83	207
195.21	285
196.05	15
196.75	143
200.55	889
224.08	143
235.74	889
258.98	15
274.46	825
275.85	15
298.55	953
301.25	143
303.94	825
305.05	15
326.32	1017
330.62	207
344.04	1017
352.59	953
355.07	143
417.85	143
418.65	207
436.37	207
445.40	143
446.95	15
474.22	143
98.11	684
101.40	144
106.25	620
107.86	556
109.00	16
115.61	748
166.26	286
167.15	16
196.64	350
196.75	144
213.14	478
214.80	16
218.23	208
239.45	208
251.74	1018
259.68	208
274.83	1018
285.03	890
294.96	954
298.17	144
303.03	954
303.39	826
304.75	16
324.67	16
331.01	826
333.15	16
342.27	890
354.85	16
355.40	144
388.87	80
399.85	144
411.07	16
446.50	16
100.88	749
103.78	621
110.81	557
129.56	685
183.44	351
197.98	287
215.83	17
220.50	479
224.86	827
228.48	209
237.99	955
251.83	209
266.35	145
317.62	1019
332.51	827
337.17	209
343.76	1019
344.54	891
352.57	209
431.65	955
438.73	891
440.30	81
458.87	145
474.67	81
487.67	81
492.20	145
96.25	558
97.63	18
110.46	750
115.47	622
134.47	686
139.13	146
149.64	352
163.15	146
172.73	288
174.50	18
196.53	146
215.70	18
234.22	480
239.40	210
250.40	210
260.13	210
267.58	892
277.54	956
281.40	146
282.73	828
287.62	18
319.06	1020
326.30	210
352.68	956
356.62	146
393.44	828
396.35	18
398.12	146
410.97	18
417.62	892
418.46	1020
425.55	210
431.07	18
440.02	210
444.85	82
474.60	18
478.02	210
107.72	623
109.85	559
110.90	19
114.45	211
115.51	751
115.82	687
118.05	147
163.43	147
165.80	353
183.61	481
188.48	211
195.05	147
205.19	289
206.10	19
219.70	211
223.45	147
254.11	893
258.28	19
289.05	957
290.80	147
304.22	957
324.56	829
325.85	19
327.03	829
341.56	893
367.55	19
382.00	1021
385.90	211
389.05	19
391.87	1021
399.30	147
446.15	19
469.37	211
487.35	211
103.27	560
104.73	20
111.40	212
115.64	688
117.09	624
121.15	148
121.60	752
148.83	148
167.88	354
168.43	290
169.88	20
186.32	482
190.78	212
211.83	212
220.73	212
238.74	830
244.83	20
252.64	958
256.73	148
276.55	958
282.55	1022
285.12	212
331.11	830
333.62	20
336.01	894
358.68	1022
362.47	212
386.63	894
411.52	20
447.72	20
99.17	561
104.95	21
107.87	625
111.23	213
121.26	689
132.53	149
142.87	753
146.65	213
151.36	291
154.20	21
157.67	483
163.10	213
168.74	895
169.28	21
173.93	213
189.90	213
199.96	355
251.99	831
257.45	21
258.14	1023
260.33	213
264.18	895
318.11	1023
322.30	213
335.71	959
342.90	149
352.70	831
361.08	959
368.25	149
398.47	149
419.70	149
111.43	562
112.38	214
112.85	22
114.80	626
116.13	690
117.89	754
118.35	150
163.40	150
196.00	150
208.70	356
210.61	896
218.56	292
220.05	22
222.00	214
223.95	150
233.98	960
235.80	150
237.83	214
246.85	484
251.75	214
258.43	22
262.75	214
272.70	896
272.75	1024
273.00	214
289.70	214
302.39	832
303.80	22
309.21	832
309.91	960
311.75	150
324.73	1024
344.07	22
399.42	150
447.47	22
93.97	627
96.70	87
114.33	215
118.22	563
120.08	23
128.35	691
131.23	151
141.32	755
145.43	215
162.28	151
177.33	151
195.65	151
197.23	293
198.65	23
199.05	357
223.28	151
223.30	215
228.08	485
234.95	23
238.55	215
248.88	215
258.65	215
270.47	215
277.46	897
278.73	1025
281.20	215
293.87	833
295.90	23
300.35	1025
321.65	961
324.00	151
326.20	897
353.41	833
355.17	23
370.37	151
381.41	961
383.90	151
410.82	23
443.00	151
446.57	23
472.92	151
103.20	88
109.24	756
111.94	628
112.85	216
120.40	692
127.15	216
129.68	564
148.55	152
163.08	486
167.85	216
187.02	1026
190.19	358
208.01	294
213.83	24
241.32	962
254.95	1026
258.53	216
260.57	152
282.22	152
310.05	962
332.42	898
342.40	898
352.38	834
387.55	88
404.79	834
410.27	24
103.53	89
105.65	757
106.32	629
109.35	565
111.38	217
118.53	693
126.18	217
126.38	153
147.85	153
173.20	295
176.45	25
196.30	25
198.61	359
209.27	487
211.83	1027
213.98	217
224.33	153
245.20	217
261.85	1027
267.15	217
337.49	899
358.10	963
358.92	835
362.40	153
362.43	899
364.60	835
366.07	25
389.02	25
398.52	153
403.95	963
408.20	153
456.22	153
493.60	153
101.13	758
109.94	630
112.03	694
114.25	154
129.90	566
131.23	26
152.15	296
153.53	26
167.59	360
177.58	154
199.24	1028
199.39	964
201.55	154
206.63	218
239.88	900
239.99	836
243.70	488
244.23	26
249.08	218
264.23	836
268.00	26
271.65	218
325.90	964
327.82	154
331.60	900
381.10	154
392.50	1028
399.05	154
399.50	218
447.00	26
458.05	218
105.21	759
106.99	567
118.00	695
120.93	631
125.20	155
148.65	155
160.11	489
167.20	219
178.15	219
178.30	155
179.16	837
191.23	219
194.82	361
215.96	297
223.60	155
234.98	27
235.00	965
239.05	155
259.00	965
263.77	901
284.96	1029
302.55	219
317.56	901
345.27	219
362.79	837
366.77	27
412.10	27
443.94	1029
461.30	219
473.92	219
490.22	219
69.73	568
75.90	28
96.67	760
103.84	632
110.81	696
163.07	490
168.53	220
186.35	362
189.75	220
218.64	298
291.53	966
294.92	1030
302.85	220
306.10	156
318.11	966
329.82	156
334.86	902
356.20	156
374.36	838
378.49	1030
378.64	902
381.28	838
386.45	220
388.15	28
441.22	220
75.47	761
81.68	221
94.85	221
119.56	697
123.08	157
132.89	1031
134.46	569
136.85	29
137.20	221
148.27	633
168.77	299
171.50	29
177.45	157
185.41	363
193.71	491
210.15	221
219.93	221
222.18	157
263.31	839
287.73	839
293.57	29
294.60	903
296.81	903
340.11	967
342.62	157
343.04	1031
347.32	221
371.49	967
429.52	157
107.80	698
108.08	762
110.30	222
111.15	158
122.28	222
132.17	570
135.83	30
140.10	634
148.75	158
187.76	492
192.18	222
195.50	364
206.64	968
209.93	158
221.58	300
222.03	222
226.58	30
252.58	158
257.68	904
294.76	1032
297.45	222
317.73	840
323.67	30
327.83	968
331.32	158
335.66	840
342.65	30
357.56	904
390.35	1032
393.30	222
466.90	222
94.85	571
107.73	699
110.00	223
122.10	223
130.10	763
135.03	223
138.18	635
156.41	365
195.26	493
195.49	301
200.25	223
211.53	223
220.80	223
243.90	223
264.85	905
289.95	841
296.10	841
299.56	969
301.77	905
336.62	1033
339.02	223
345.98	969
356.05	223
379.40	159
384.64	1033
92.54	636
97.23	96
111.43	224
119.18	700
125.73	572
137.93	764
141.95	224
148.58	160
153.82	366
187.41	302
197.45	32
222.05	224
223.55	160
235.28	970
235.52	494
239.95	224
244.05	160
250.53	224
257.63	970
260.95	224
266.35	160
273.00	224
274.14	906
276.97	842
299.21	842
352.63	906
354.89	1034
356.42	1034
357.20	224
456.02	224
473.55	224
103.33	97
113.63	225
118.19	637
121.33	573
122.51	765
125.90	225
126.41	701
131.05	161
147.58	161
169.90	303
177.65	161
193.94	495
198.55	225
210.18	225
210.62	367
219.30	225
223.03	161
239.55	225
283.07	907
293.20	1035
295.40	225
315.01	843
322.03	971
325.87	161
334.49	843
368.00	907
380.45	225
383.53	1035
385.52	971
389.12	161
429.55	161
443.70	161
79.32	702
88.20	162
88.60	638
91.33	98
97.35	766
101.78	226
109.53	574
114.90	226
176.33	368
180.75	496
185.60	226
196.45	226
207.11	844
208.12	304
215.65	226
215.83	34
280.93	844
294.28	908
300.73	1036
303.75	226
305.77	972
314.87	162
322.89	972
332.35	162
355.00	162
373.64	1036
377.72	226
405.92	908
407.62	98
442.02	98
93.37	639
96.00	99
98.52	767
106.70	227
108.20	703
120.98	227
127.30	575
192.15	497
196.75	227
203.01	845
205.86	305
209.35	369
273.82	973
285.82	1037
289.92	227
295.78	845
297.84	973
308.29	1037
329.26	909
337.50	909
383.85	227
406.37	227
91.73	640
94.80	100
108.24	704
110.58	576
112.89	768
119.48	164
187.35	370
190.73	498
195.80	228
204.31	306
209.64	846
223.53	164
233.25	910
260.37	1038
262.45	974
268.17	228
270.57	164
282.73	1038
284.42	228
292.17	974
300.20	164
344.85	228
361.66	910
374.24	846
115.56	769
119.11	705
122.21	577
123.52	641
133.78	307
189.17	371
189.71	499
196.55	229
201.54	975
212.43	165
220.05	229
234.16	911
254.03	165
254.41	847
289.31	975
300.00	165
309.04	1039
328.60	229
335.95	1039
338.20	911
343.22	229
368.94	847
390.00	229
101.05	642
105.75	102
115.89	578
120.42	770
121.81	706
176.26	500
180.14	308
182.63	230
193.35	230
224.24	372
241.26	976
258.29	1040
268.80	230
283.75	230
289.88	976
291.02	1040
295.34	848
320.71	848
330.87	912
334.92	912
94.46	771
96.58	643
102.63	231
116.30	231
125.32	579
144.53	707
177.55	977
178.59	501
184.18	231
191.96	373
195.00	231
195.27	309
197.00	167
223.05	167
231.48	913
281.72	849
299.49	849
304.43	913
317.48	1041
322.90	231
354.91	977
381.60	231
391.48	1041
397.10	231
456.47	231
102.35	580
104.07	708
104.45	644
106.11	772
110.35	232
122.60	232
175.66	374
179.36	502
184.50	232
194.78	310
195.30	232
215.28	232
280.85	978
292.94	1042
296.35	232
298.55	168
309.71	850
315.25	232
317.60	914
318.85	978
325.03	914
325.29	1042
338.17	168
378.12	850
107.92	773
110.10	233
121.57	645
121.93	233
129.31	581
141.38	709
152.46	311
178.64	375
178.70	503
183.75	233
194.55	233
196.08	169
213.08	233
238.85	915
256.60	979
260.34	915
286.69	851
288.12	1043
290.87	233
317.80	979
333.21	851
367.07	1043
368.12	233
443.10	233
83.12	710
109.51	646
111.13	234
117.95	774
122.70	234
123.70	582
199.72	440
204.05	312
206.03	376
209.27	504
209.48	170
213.68	234
220.73	170
237.40	980
255.43	234
274.10	170
289.42	170
291.46	852
300.40	170
319.78	916
337.31	980
337.57	916
349.59	852
374.27	170
388.28	1044
390.90	234
393.60	170
423.45	1044
429.32	234
90.42	711
104.30	107
113.38	235
122.59	775
132.35	647
132.88	583
153.80	377
169.60	505
174.10	235
175.85	441
183.25	171
194.13	171
194.95	235
209.10	171
218.48	313
268.49	981
281.82	917
282.46	981
285.92	171
305.19	853
310.76	917
330.55	1045
333.57	235
339.99	1045
344.50	171
383.34	853
388.87	43
430.35	235
447.77	235
95.44	712
103.90	108
111.69	584
119.95	236
124.71	648
126.40	776
133.30	236
144.85	314
153.76	854
166.50	44
170.29	378
172.18	506
176.78	236
178.42	442
184.55	172
195.33	172
210.55	236
232.39	918
255.44	918
280.21	1046
283.67	236
293.73	1046
335.82	854
353.95	982
364.67	172
404.89	982
410.30	172
454.55	172
467.22	172
104.80	109
120.98	649
127.88	777
131.77	585
134.46	713
154.51	379
170.95	443
176.13	173
195.09	315
211.54	507
216.12	983
216.25	237
223.93	173
227.52	983
235.69	919
236.95	237
245.34	855
248.60	237
261.71	1047
267.15	237
289.96	855
292.85	173
306.36	1047
313.77	237
377.96	919
406.62	109
110.85	586
113.57	778
120.98	714
140.13	650
165.01	316
172.50	380
185.54	508
191.23	238
199.86	856
212.80	238
223.68	444
229.48	174
246.90	1048
249.62	920
249.63	174
257.40	238
301.42	984
308.75	174
325.12	984
360.24	856
387.29	1048
391.07	174
397.70	238
408.57	920
410.25	110
413.72	238
437.47	110
438.57	238
106.14	587
106.30	779
124.43	651
133.45	715
171.91	509
180.75	239
185.10	381
191.90	239
194.94	317
228.97	445
234.38	175
245.53	175
254.88	175
261.87	1049
288.42	239
322.01	1049
322.95	239
344.33	921
348.90	239
349.74	985
351.02	857
357.82	175
360.22	985
362.42	857
377.50	239
377.70	921
407.45	111
427.72	175
96.82	652
100.79	588
105.55	48
129.50	780
139.37	716
162.82	318
179.99	382
199.34	858
205.14	510
205.71	446
211.40	176
211.98	240
222.35	176
223.08	240
236.90	240
251.94	858
258.72	986
269.25	176
281.93	1050
296.73	986
299.32	240
305.84	922
309.17	176
316.67	240
330.42	922
338.59	1050
353.57	176
356.17	240
390.92	240
111.45	653
112.66	717
115.28	241
117.09	781
119.77	589
156.01	383
192.08	319
208.30	447
215.08	177
238.73	177
254.37	923
264.39	1051
271.98	511
273.00	241
278.68	859
286.64	987
290.93	1051
293.78	987
297.32	241
304.30	177
320.32	177
325.23	923
352.82	241
378.79	859
407.72	49
102.92	782
111.25	242
115.81	718
123.77	590
132.39	654
185.78	448
191.08	320
191.85	384
195.30	178
205.90	512
210.93	242
221.98	242
234.68	1052
241.33	242
271.33	988
274.54	1052
281.20	242
306.96	860
308.20	178
310.12	860
312.60	988
322.60	178
343.32	924
349.67	178
393.95	924
73.14	591
75.95	51
111.40	243
114.26	719
139.33	783
139.49	655
183.88	513
188.80	243
191.94	449
198.81	385
209.95	243
211.55	179
220.65	243
222.83	179
237.75	321
253.16	925
255.12	861
267.94	1053
269.69	989
272.10	243
278.28	989
312.96	925
322.89	861
367.27	179
370.46	1053
374.90	243
390.55	243
392.10	179
439.62	243
99.58	656
112.03	244
120.15	720
121.48	784
139.61	592
194.29	386
211.87	514
216.43	244
220.81	322
221.59	450
229.15	180
237.38	244
244.31	1054
247.50	244
251.65	180
258.59	990
276.15	180
287.08	1054
292.47	244
305.96	862
306.30	926
307.24	926
312.12	180
326.44	862
388.33	990
406.12	180
422.07	180
439.62	180
98.25	785
106.15	245
115.59	657
118.78	593
119.83	245
131.06	721
144.51	451
149.88	181
210.56	991
219.20	181
220.45	245
225.75	387
230.28	515
234.78	323
235.90	245
246.05	245
248.86	863
255.08	245
266.17	181
269.76	991
278.77	181
290.66	1055
294.75	245
297.47	863
311.41	927
327.72	181
345.89	1055
351.42	245
365.07	927
112.56	722
124.55	594
130.83	786
150.76	658
154.07	516
158.13	928
159.18	246
169.68	324
173.24	452
177.93	182
190.73	246
207.19	388
210.00	182
247.36	928
252.49	992
257.88	182
258.01	864
273.11	992
277.51	864
285.69	1056
291.00	246
308.33	1056
344.52	182
81.69	659
100.25	595
110.84	787
127.99	723
141.11	325
176.35	453
181.01	389
181.58	183
192.28	183
205.64	517
210.38	183
211.00	247
219.66	1057
221.88	247
257.44	865
280.35	247
286.26	865
287.09	929
288.81	1057
296.57	247
299.47	993
303.77	183
344.75	247
350.82	929
351.97	993
357.65	183
418.52	183
97.48	660
103.58	120
113.90	788
115.68	596
119.78	724
126.68	184
141.13	184
155.55	326
180.58	454
185.70	184
196.65	184
200.50	518
207.48	248
214.09	1058
218.68	248
221.48	184
232.18	248
262.75	930
264.70	248
272.23	390
280.70	248
284.24	866
311.92	994
315.80	184
323.20	994
345.30	930
372.39	1058
389.87	248
400.75	184
423.60	866
423.82	248
444.27	56
84.58	661
104.49	789
120.02	597
136.86	725
155.26	391
166.78	327
210.14	455
213.85	519
214.73	185
225.28	249
237.13	249
244.95	185
247.71	1059
253.76	867
266.44	1059
293.10	249
312.40	995
316.62	185
324.38	931
326.49	867
337.30	249
337.65	931
380.09	995
382.50	185
98.59	726
99.73	598
103.23	58
111.23	186
126.28	186
127.46	662
133.48	790
153.52	520
163.30	250
166.58	392
174.80	250
193.46	328
199.56	456
204.98	186
216.43	186
262.93	996
268.32	186
279.15	868
283.94	932
290.39	868
290.43	1060
322.69	996
326.67	186
327.22	250
339.20	1060
376.20	250
394.90	250
395.81	932
93.57	663
111.92	791
124.05	727
149.39	599
173.32	521
180.69	393
180.73	251
191.83	251
200.43	457
206.13	187
217.35	187
234.82	329
247.95	997
256.60	187
258.06	997
266.30	869
280.11	1061
284.90	933
294.11	933
297.47	251
305.76	1061
312.95	251
327.65	187
357.82	869
371.90	251
85.51	728
102.66	600
105.78	60
112.10	664
116.03	792
116.50	252
143.75	394
189.67	330
190.00	522
195.88	252
202.26	1062
208.12	458
214.90	188
217.18	934
238.63	188
248.48	998
265.95	188
293.78	934
294.85	870
299.66	998
302.37	188
317.65	188
332.76	870
353.72	188
353.84	1062
364.57	252
412.35	252
101.16	729
113.90	253
115.09	601
125.15	793
140.50	665
201.72	459
202.52	331
204.28	523
209.85	253
212.70	189
221.00	253
223.95	189
229.10	395
235.49	999
268.89	1063
276.72	253
280.85	189
282.95	871
295.45	189
299.67	1063
305.66	935
307.31	871
348.81	935
412.74	999
458.07	189
469.02	189
101.38	794
105.16	730
108.99	666
114.33	254
126.62	602
127.13	254
161.31	396
165.70	460
165.97	524
171.43	190
171.50	254
193.05	190
194.83	254
214.47	332
270.99	872
277.67	1064
279.12	936
284.72	254
299.47	254
301.90	936
307.44	1064
325.84	872
327.02	1000
337.21	1000
337.65	190
400.17	190
104.87	667
106.08	795
110.91	603
113.78	731
119.70	255
134.73	255
167.87	397
178.96	333
200.97	461
206.08	191
206.63	525
212.20	255
217.23	191
223.40	255
224.93	1065
226.82	873
237.98	191
276.07	1001
281.35	191
290.17	255
316.61	1001
324.10	191
324.27	937
329.77	937
348.44	1065
354.56	873
356.25	255
383.50	191
412.07	255
