96.58	540
98.75	604
103.93	64
104.50	128
106.83	256
110.58	192
114.10	796
123.08	192
127.86	668
133.84	462
139.20	192
143.28	732
150.08	192
176.93	526
182.83	256
184.03	398
190.36	334
208.34	270
214.50	0
82.79	797
93.41	541
95.48	1
103.88	129
107.35	257
109.30	605
110.15	193
112.83	733
118.54	669
122.33	193
150.50	335
151.49	527
159.65	257
171.78	257
193.49	463
195.52	399
209.88	193
235.20	271
237.50	1
252.23	1
275.32	1
310.10	1
94.05	734
98.18	194
103.63	130
106.33	606
109.38	258
111.78	194
116.63	542
119.32	336
136.46	670
147.01	400
165.23	798
185.37	272
187.58	2
188.53	464
213.65	2
235.43	528
103.50	131
105.45	67
106.54	607
108.02	799
110.24	543
111.85	195
113.48	259
119.13	273
145.01	735
151.00	401
163.92	671
167.48	465
171.98	195
183.53	195
193.36	529
194.33	337
203.88	195
85.03	544
87.28	4
95.88	736
104.18	196
104.45	132
104.94	800
105.10	68
114.46	672
117.60	608
118.23	260
119.30	196
186.75	466
187.85	402
187.96	338
191.35	196
203.68	530
212.35	196
240.31	274
242.93	4
263.50	4
291.47	4
103.58	673
105.43	69
112.45	261
114.70	197
115.33	545
117.83	5
119.24	801
127.69	609
128.81	467
135.64	737
156.45	197
178.31	275
179.48	5
185.53	403
191.96	339
227.58	531
239.48	261
83.20	738
110.10	262
116.75	198
122.73	262
124.71	610
127.40	802
142.24	546
145.00	6
168.94	674
172.79	276
175.03	6
185.65	532
188.20	6
207.63	262
219.61	340
220.91	468
226.32	404
227.30	198
238.35	198
102.06	739
102.24	611
104.08	71
109.28	263
110.50	547
113.42	803
139.34	675
157.40	277
159.98	7
183.34	533
187.63	469
189.33	7
190.50	135
190.58	263
232.45	341
108.98	264
109.08	72
109.34	740
114.93	200
114.96	548
116.48	8
120.40	804
122.53	612
142.64	278
143.55	8
148.49	676
157.05	136
183.69	342
190.10	136
203.55	534
210.78	264
218.72	470
224.98	200
235.93	200
240.70	136
101.34	741
102.13	613
104.83	73
108.85	265
109.03	201
112.40	549
114.18	9
115.80	471
118.94	805
121.98	201
124.87	677
131.18	279
132.25	9
152.88	201
155.72	343
184.43	535
189.50	9
190.15	137
321.27	137
84.07	678
108.63	202
108.88	266
120.28	806
133.21	742
138.74	614
140.75	202
150.17	472
151.91	550
155.60	202
161.11	344
186.62	536
192.81	280
208.70	266
321.97	138
82.83	743
86.28	203
98.38	203
105.10	679
109.73	267
120.63	551
122.40	267
122.65	11
126.18	807
128.23	615
133.94	345
190.07	473
211.00	537
222.65	281
224.05	11
225.05	267
236.43	267
275.20	11
309.47	11
105.28	76
107.65	680
107.86	552
108.73	12
108.73	204
112.00	268
112.25	140
116.99	744
120.65	204
126.79	616
164.47	808
171.77	282
172.53	12
187.55	474
190.03	140
192.09	538
213.33	204
234.33	204
235.48	12
239.80	346
241.55	140
99.02	617
100.48	77
110.08	205
112.23	745
120.96	475
122.00	205
122.88	553
124.68	13
146.52	681
150.08	809
150.37	347
151.65	205
156.33	141
168.49	539
189.35	141
199.46	283
200.78	13
213.05	141
235.08	13
296.80	141
100.55	78
111.13	206
113.15	554
113.80	682
119.22	746
123.23	206
133.67	618
173.04	476
177.68	206
188.63	206
190.68	348
208.43	206
241.55	284
243.63	14
263.10	14
290.82	14
78.58	555
79.35	15
101.43	79
111.79	747
112.55	207
121.52	683
125.78	143
132.63	349
135.39	619
156.15	143
158.22	477
163.60	207
174.65	207
184.43	207
189.33	143
191.01	285
192.18	15
213.95	143
240.53	143
252.88	15
276.77	15
296.17	143
96.92	684
98.45	144
104.65	80
107.01	620
109.00	556
109.50	144
109.98	16
114.48	208
118.62	748
154.87	286
155.65	16
189.60	144
192.80	350
213.10	144
213.25	16
213.39	478
269.95	144
296.40	144
100.35	749
103.94	621
105.33	81
112.66	557
117.38	209
135.90	685
176.32	351
194.46	287
200.88	17
214.08	145
222.57	479
230.33	209
321.87	145
94.61	558
95.90	18
112.22	750
113.03	210
118.44	622
134.13	352
141.99	686
147.48	146
162.95	288
164.38	18
173.05	146
190.28	146
213.83	18
214.43	146
239.60	146
239.70	480
266.27	210
269.37	146
108.50	211
108.82	623
109.00	83
110.10	147
111.47	559
112.58	19
118.49	751
118.87	687
121.73	147
137.60	147
154.31	353
156.00	147
174.90	147
176.53	481
181.23	211
191.03	147
203.46	289
204.30	19
213.08	147
240.73	147
269.42	147
275.22	19
295.20	147
309.32	19
99.03	148
103.32	560
104.73	20
106.88	212
118.65	688
120.44	624
126.04	752
132.40	212
156.89	354
157.58	290
158.88	20
179.91	482
184.30	212
189.88	148
206.08	212
213.03	148
240.15	148
296.30	148
98.24	561
102.08	21
106.53	213
109.02	625
125.62	689
136.28	291
138.28	149
138.53	21
144.15	483
148.65	213
152.39	753
154.78	21
170.03	213
196.93	355
239.80	149
269.80	149
101.35	86
107.08	214
110.58	150
113.43	562
114.85	22
117.60	626
119.26	690
121.44	754
122.13	150
137.68	150
155.90	150
174.80	150
207.84	356
213.10	150
220.15	292
221.15	22
239.63	150
255.45	484
259.98	214
268.95	150
289.20	214
290.40	22
295.55	150
91.79	627
93.18	87
98.83	151
107.98	215
111.23	151
121.85	563
123.40	23
134.40	691
137.33	151
150.48	755
154.50	215
156.58	151
173.13	151
189.85	151
193.53	293
195.10	23
195.79	357
212.80	151
232.03	485
235.08	23
236.35	215
239.38	151
268.40	151
295.55	151
97.50	88
109.15	216
110.71	756
110.83	152
114.06	628
124.55	692
136.05	564
150.90	486
155.28	216
184.74	358
185.98	216
206.98	294
211.98	24
214.00	152
240.38	152
98.53	89
106.26	757
107.10	629
110.63	217
110.85	565
122.23	693
122.98	217
128.58	153
157.45	153
163.54	295
165.93	25
188.55	25
195.25	359
208.55	487
213.13	217
239.43	153
268.80	153
100.43	90
100.66	758
110.13	154
111.58	630
112.40	218
114.17	694
119.63	154
136.32	566
137.27	296
137.68	26
138.03	154
156.40	154
156.53	360
188.93	26
189.48	154
213.48	154
240.25	154
251.52	488
257.25	218
268.15	218
268.62	154
295.20	154
103.48	91
105.72	759
107.92	567
109.63	155
110.38	27
115.18	219
121.58	695
125.20	631
129.18	155
147.20	489
154.73	219
169.53	219
190.33	155
190.53	361
213.83	155
216.91	297
219.58	27
235.05	27
238.78	155
268.75	155
61.74	568
67.85	28
95.14	760
104.02	632
104.63	92
111.03	220
112.66	696
123.78	220
150.89	490
156.35	220
168.98	220
179.95	362
220.26	298
236.35	28
240.50	156
68.85	761
75.23	221
88.28	221
106.35	93
123.51	697
127.13	157
141.98	569
144.60	29
156.15	157
158.00	299
159.09	633
160.15	29
178.77	363
188.73	29
189.14	491
189.70	157
239.85	157
269.52	157
104.85	222
108.92	698
109.27	762
109.63	94
109.88	158
139.14	570
148.97	634
181.71	492
185.98	222
190.08	158
191.37	364
207.13	222
214.85	158
223.91	300
226.85	30
239.83	158
253.73	30
268.50	158
92.87	571
103.43	223
108.85	699
111.63	159
136.57	763
141.40	223
142.59	365
146.59	635
191.07	493
191.35	301
239.18	159
90.01	636
91.85	96
105.15	224
123.04	700
131.15	572
139.35	366
146.28	764
150.48	224
181.27	302
188.30	32
214.38	160
241.32	494
266.67	224
269.82	160
288.32	224
97.78	97
106.45	225
121.81	637
125.70	573
127.16	765
131.99	701
132.38	225
136.75	161
156.65	161
159.42	303
165.80	33
189.43	495
189.45	161
210.24	367
214.50	161
269.67	161
73.63	702
82.90	162
85.13	638
86.40	98
95.98	766
100.55	226
110.08	162
111.07	574
167.44	368
172.96	496
177.55	226
188.48	226
207.13	304
208.13	226
239.40	162
91.04	639
92.40	99
97.43	767
108.40	227
109.42	703
133.09	575
187.19	497
204.30	305
208.66	369
213.18	227
89.01	640
90.48	100
109.48	704
110.70	228
112.37	576
115.24	768
123.18	228
181.20	370
185.42	498
190.58	228
202.36	306
100.53	101
114.13	229
114.33	307
118.55	769
122.95	705
126.78	577
128.42	641
183.47	371
184.15	499
190.70	165
239.73	165
100.57	642
102.43	102
110.80	230
118.96	578
123.48	230
124.57	770
126.29	706
167.35	500
172.20	308
173.35	230
185.18	230
227.24	372
239.60	166
92.39	771
95.02	643
98.00	103
100.88	231
130.65	579
154.45	707
170.27	501
175.30	231
186.53	231
186.95	373
191.09	309
213.63	167
102.18	580
104.30	232
104.31	708
104.77	644
104.90	40
106.83	772
166.61	374
171.22	502
175.88	232
187.00	232
190.47	310
208.28	232
103.20	233
109.08	773
126.00	645
135.60	581
137.65	311
150.55	709
170.32	375
170.41	503
174.83	233
186.08	233
205.63	233
240.50	169
78.34	710
103.43	106
104.15	234
111.05	646
121.51	774
128.58	234
128.63	582
196.63	440
202.05	312
204.51	376
206.38	170
208.56	504
212.90	234
87.39	711
99.63	107
105.65	235
127.26	775
134.15	235
139.32	377
139.36	647
140.02	583
159.04	505
164.33	235
166.85	441
173.55	171
175.78	235
184.95	171
185.23	235
220.05	313
93.61	712
98.20	108
106.35	236
113.76	584
128.16	314
129.89	648
131.98	776
159.90	378
162.27	506
167.18	236
170.05	442
175.70	172
186.75	172
187.78	236
98.08	109
107.23	237
118.98	173
125.27	649
133.82	777
138.64	585
140.21	379
141.98	713
160.73	443
166.65	173
190.86	315
211.39	507
237.30	237
98.40	110
109.00	238
112.71	586
116.08	778
118.45	174
125.27	714
149.00	650
153.32	316
162.67	380
178.94	508
184.75	238
226.54	444
232.00	174
100.15	111
106.87	587
107.07	779
109.10	47
113.08	239
119.45	175
129.55	651
140.73	715
161.93	509
171.20	239
178.39	381
184.33	239
190.67	317
233.14	445
238.43	175
260.38	175
95.32	652
97.93	112
100.23	588
102.18	48
111.48	240
121.18	176
135.83	780
148.07	716
150.59	318
172.01	382
203.40	510
204.12	446
210.13	176
210.63	240
103.05	113
108.10	241
109.40	49
113.46	653
114.95	717
120.44	781
123.77	589
142.08	383
187.11	319
207.35	447
213.90	177
238.03	177
286.82	511
292.17	241
313.27	241
102.88	782
105.45	114
106.18	242
110.03	50
118.86	718
128.73	590
139.41	654
179.24	448
185.85	320
186.81	384
188.45	178
204.35	512
209.40	242
230.68	242
65.97	591
67.30	51
78.40	51
105.33	243
108.78	115
116.94	719
148.02	783
148.20	655
176.86	513
181.60	243
186.93	449
195.50	385
206.75	179
244.10	321
98.75	656
102.38	116
105.35	244
124.23	720
125.89	784
148.35	592
189.86	386
211.80	514
222.96	322
223.94	450
230.93	180
237.23	244
256.38	180
97.09	785
103.33	117
105.55	245
118.58	657
118.95	181
122.54	593
127.73	451
137.76	721
152.28	181
229.13	387
234.78	515
239.30	245
240.39	323
260.38	245
101.38	118
106.28	246
114.83	722
114.85	182
129.69	594
137.47	786
139.66	516
145.10	246
156.23	246
159.15	324
162.17	658
163.59	452
168.28	246
168.83	182
190.15	182
205.97	388
76.56	659
78.38	119
99.57	595
102.43	55
106.85	247
112.70	787
113.70	183
123.49	325
133.95	723
167.47	453
172.25	183
173.28	389
183.83	183
204.02	517
209.65	247
232.83	247
96.14	660
98.73	120
108.48	248
113.65	184
116.49	788
118.70	596
123.78	724
141.51	326
172.74	454
177.63	184
188.58	184
197.61	518
205.13	248
287.13	390
80.15	661
82.68	121
93.65	121
104.83	789
112.28	249
114.63	185
124.07	597
141.15	391
144.95	725
155.52	327
209.65	455
214.27	519
214.28	185
227.58	249
235.38	185
238.98	249
97.51	726
98.93	598
100.75	58
102.70	122
113.78	250
115.40	186
133.30	662
138.97	520
140.76	790
155.27	392
188.82	328
196.44	456
202.05	186
212.95	186
91.30	663
97.23	123
109.75	251
114.03	791
117.90	187
122.38	251
129.08	727
160.48	599
163.68	521
171.10	251
172.89	393
183.53	251
197.53	457
203.63	187
240.44	329
81.30	728
102.55	600
104.45	60
107.78	252
114.25	664
119.13	792
126.78	394
184.10	330
184.51	522
190.13	252
207.12	458
213.68	188
237.98	188
100.69	729
106.78	253
109.38	61
117.97	601
130.43	793
149.46	665
199.14	459
200.13	331
202.33	523
207.95	253
209.98	189
230.40	253
233.31	395
100.98	794
105.66	730
106.60	254
110.40	62
110.41	666
132.26	602
148.69	396
154.17	460
154.52	524
160.65	190
160.90	254
171.45	190
171.85	254
181.93	190
215.04	332
105.30	667
105.70	127
106.75	255
106.80	795
112.78	603
112.88	191
116.34	731
156.88	397
170.73	333
198.20	461
203.65	191
205.27	525
210.73	255
233.30	255
