184.28	0
184.63	192
186.39	462
207.41	462
209.20	192
209.53	270
242.84	334
246.70	64
247.08	128
253.80	256
263.45	398
265.45	256
287.02	526
297.70	256
300.13	398
311.82	334
342.70	256
345.04	270
355.52	256
381.62	526
392.25	256
439.82	256
183.88	65
184.53	193
198.23	193
210.85	193
227.25	399
230.83	129
238.19	335
240.02	527
240.40	65
254.40	257
279.48	271
282.55	1
302.27	257
311.49	463
314.35	193
317.60	463
321.35	399
328.96	335
331.70	65
383.42	527
394.66	271
401.02	257
405.97	1
415.80	257
444.95	257
180.58	336
181.45	66
184.95	194
198.83	194
212.65	194
231.75	400
235.08	130
245.66	464
246.08	66
248.35	194
257.45	258
265.21	528
268.90	258
302.00	258
302.60	272
308.44	464
311.20	2
312.95	194
321.20	258
335.77	336
339.37	272
345.12	2
381.74	400
395.08	528
432.25	258
447.20	258
458.12	258
180.23	273
182.85	67
186.50	195
200.20	195
239.12	401
243.13	131
246.28	67
269.57	465
272.30	195
291.22	273
292.77	337
317.15	465
317.37	529
319.16	337
321.92	195
355.64	529
359.43	401
394.05	131
414.80	259
425.87	259
453.00	259
463.92	259
183.10	68
183.40	4
192.50	196
203.80	196
246.78	68
270.79	338
290.06	466
293.50	196
305.15	466
307.19	402
307.38	338
310.39	274
310.67	68
313.87	132
315.15	4
319.43	530
336.43	530
351.45	402
357.77	132
404.09	274
407.45	4
416.90	260
427.85	260
445.57	260
183.93	69
198.12	467
203.38	197
247.93	69
256.90	261
258.35	531
262.52	197
265.34	339
268.37	261
278.75	197
289.56	275
292.22	5
302.90	403
303.95	261
314.78	339
314.95	133
323.30	261
354.48	467
360.47	197
372.54	403
380.59	531
384.55	133
425.97	261
431.25	197
441.82	261
454.32	261
459.53	275
469.52	5
255.45	262
258.11	340
267.00	262
269.49	276
279.37	276
281.55	6
296.21	532
300.68	404
303.12	532
322.77	262
332.12	468
342.82	198
355.92	198
365.86	340
368.05	70
368.26	468
368.35	262
378.25	404
381.47	198
406.90	134
424.02	198
152.34	533
171.28	263
183.38	7
203.30	263
233.69	341
235.23	71
250.94	277
264.25	263
266.80	469
281.62	71
289.77	405
293.30	199
296.48	277
298.86	533
301.22	7
306.78	469
307.02	199
318.32	263
318.83	405
334.50	199
355.30	135
357.42	263
389.58	341
391.25	71
440.30	71
453.65	71
184.45	8
189.28	200
200.45	200
206.78	278
209.33	8
211.50	136
223.66	278
225.00	8
254.40	264
262.34	470
266.05	264
270.07	200
299.50	342
301.60	72
302.64	342
320.22	406
321.90	200
328.45	136
331.36	534
336.20	534
348.92	264
350.85	406
357.60	72
364.21	470
372.45	200
391.97	136
405.07	264
425.82	200
174.09	471
177.80	201
202.50	279
204.10	9
204.48	201
240.59	535
242.40	343
244.33	73
245.98	201
247.83	343
254.85	265
293.12	265
300.87	535
303.79	471
307.97	201
308.45	265
320.65	265
323.85	407
334.57	137
357.37	265
358.12	279
361.80	9
365.21	407
375.92	137
395.70	9
404.50	137
428.80	137
185.15	202
198.93	202
211.88	202
215.09	344
237.58	472
240.35	202
240.88	280
246.60	10
255.50	266
257.79	344
267.05	266
275.40	408
304.91	536
306.95	408
315.67	202
316.36	280
331.90	266
347.45	266
380.44	472
383.55	202
405.05	138
410.87	536
437.70	266
452.75	266
457.32	202
462.75	266
477.55	266
183.40	11
184.13	139
185.08	203
199.03	203
207.60	345
212.18	203
214.49	473
233.73	409
235.45	75
242.15	139
246.80	75
257.18	267
268.65	267
270.95	139
293.86	345
304.47	537
311.29	473
313.90	203
349.95	537
350.02	267
371.48	281
373.82	11
394.57	11
395.44	409
395.95	267
403.77	139
415.37	267
422.85	281
424.92	11
442.92	139
446.00	11
465.85	139
486.77	11
118.12	474
119.85	204
185.13	76
202.33	204
209.65	140
269.28	282
270.43	346
270.60	12
277.48	282
278.25	538
278.34	410
281.75	140
306.63	474
306.66	410
308.87	204
315.01	538
370.47	140
375.97	268
392.65	204
403.16	346
405.02	76
412.62	268
424.17	268
438.57	76
183.62	475
184.53	77
185.48	205
209.65	205
237.94	347
239.65	77
257.45	283
260.05	13
261.45	411
269.65	141
271.43	539
272.67	205
273.77	539
278.45	347
278.83	411
281.05	77
322.10	141
328.63	283
331.22	13
355.50	13
357.00	141
403.64	475
406.00	205
484.22	205
496.65	141
496.80	205
184.28	14
184.33	142
197.85	206
209.05	206
220.64	412
231.10	142
247.53	78
262.55	412
272.37	142
279.83	476
282.62	206
312.41	348
314.60	78
321.16	476
323.05	142
327.96	284
332.40	14
356.77	14
364.25	348
406.38	284
418.35	14
184.10	143
205.18	349
247.37	413
249.70	143
252.45	477
256.58	207
276.03	349
306.22	477
306.70	413
309.42	143
312.32	207
313.02	285
314.37	15
369.50	143
379.40	207
406.95	285
408.32	15
434.85	15
458.90	15
210.50	144
239.26	414
242.38	144
246.27	286
247.45	16
248.85	286
262.97	414
283.05	16
316.33	350
321.90	144
353.38	478
354.36	478
356.95	144
361.70	208
404.98	350
406.70	80
424.12	208
443.27	208
455.32	80
495.27	144
210.98	351
262.37	287
268.77	415
285.89	351
295.45	145
319.40	287
339.60	479
353.32	415
359.42	209
371.33	479
380.67	145
390.97	209
423.65	209
183.95	146
188.75	416
192.05	210
192.78	146
203.33	210
207.95	352
220.78	288
222.93	18
239.93	146
261.19	288
263.87	18
273.25	416
277.05	146
283.32	18
297.53	352
311.92	480
319.02	210
378.82	210
402.97	480
410.32	210
462.50	210
186.10	147
190.45	211
201.60	211
210.30	147
245.22	353
246.98	83
286.28	481
290.07	211
319.18	481
336.03	289
337.55	19
338.22	417
339.90	147
357.07	353
358.55	289
362.02	417
392.02	211
393.75	19
409.15	211
441.80	147
459.37	19
463.52	147
494.95	147
188.70	212
201.15	212
222.74	418
226.55	148
250.00	354
251.27	290
254.70	20
261.09	418
292.53	482
295.05	212
303.20	482
321.62	148
325.64	290
327.75	20
338.01	354
357.10	20
357.42	148
391.72	212
409.12	212
495.82	148
177.68	419
184.33	149
187.58	213
201.18	213
211.91	291
224.68	149
226.47	483
228.75	213
258.26	483
318.81	419
323.97	355
326.62	85
326.65	149
343.49	355
367.57	291
176.63	484
178.20	214
185.15	150
203.30	214
211.20	150
245.60	292
246.93	22
272.77	214
293.38	420
293.87	214
295.00	150
301.93	356
344.11	356
366.86	292
368.55	22
381.52	86
381.69	420
383.35	22
383.45	150
432.07	484
434.47	214
452.67	150
460.02	22
479.45	150
496.17	214
195.63	215
206.83	215
247.60	87
254.03	421
256.15	151
262.53	357
295.45	485
297.75	215
299.90	293
301.72	23
311.27	87
317.69	293
320.20	23
321.50	151
321.86	357
355.97	421
356.77	151
388.81	485
391.30	215
415.20	151
427.17	151
461.50	23
494.90	151
214.85	216
229.25	216
238.93	486
241.73	216
280.89	358
282.47	88
288.12	422
301.45	358
305.92	152
321.09	486
321.95	152
324.70	216
342.52	294
356.97	152
362.39	422
380.20	152
408.42	294
429.00	152
200.40	295
203.15	25
210.53	153
262.28	295
266.98	359
272.20	25
287.23	487
291.00	217
303.29	423
307.05	153
320.86	359
338.98	423
345.44	487
350.40	217
369.10	217
391.70	153
417.75	217
428.40	153
210.60	154
213.75	296
216.03	26
235.78	26
249.33	360
262.69	488
269.67	218
286.65	296
289.90	26
292.29	360
312.23	424
313.90	154
314.01	424
333.10	218
352.17	218
353.00	90
391.67	154
424.81	488
428.45	154
432.42	218
447.97	218
483.07	218
495.77	218
200.00	297
202.80	27
217.82	425
221.60	155
232.09	489
232.34	425
248.00	27
249.58	219
288.40	219
295.35	155
312.13	361
314.40	91
333.30	361
360.87	297
386.67	489
404.20	219
449.22	219
496.47	155
238.92	490
246.78	220
247.06	362
250.99	426
261.35	156
292.59	362
310.30	220
329.35	298
330.00	220
330.36	426
340.87	156
358.84	490
366.92	220
367.05	298
416.20	220
195.08	221
206.30	221
210.70	157
225.67	363
252.05	299
290.42	363
299.85	427
302.25	157
309.57	491
313.80	221
350.05	427
359.36	299
400.96	491
405.22	221
416.35	157
193.95	222
205.25	222
249.31	492
252.13	222
284.03	300
295.84	492
304.19	428
307.30	158
310.55	364
313.26	428
313.69	364
314.45	94
368.32	158
373.81	300
381.00	30
195.13	223
206.35	223
223.57	365
244.40	95
253.26	429
280.50	159
290.76	301
299.61	429
313.13	493
313.66	301
315.47	223
321.16	493
356.62	159
377.41	365
380.05	95
415.22	223
180.79	302
209.85	224
217.59	366
221.30	430
224.53	224
229.88	160
238.65	430
245.10	366
246.18	96
281.55	96
295.04	302
355.11	494
357.20	224
405.96	494
491.05	224
197.52	303
202.30	33
249.46	431
252.90	161
254.67	303
255.78	225
267.35	225
270.66	431
310.10	495
312.55	225
326.97	495
348.56	367
350.50	97
356.52	161
390.90	97
411.17	367
421.07	225
438.77	225
446.70	97
458.37	97
245.63	98
252.70	432
256.53	226
261.02	162
268.05	226
269.48	368
271.42	98
277.07	368
279.68	496
282.70	226
295.10	162
312.06	496
342.80	304
348.68	432
356.87	162
363.38	304
392.65	162
163.65	433
180.60	35
200.60	163
215.14	497
219.38	227
245.93	99
290.82	227
305.97	497
309.17	227
334.90	305
337.58	305
345.63	369
347.90	99
356.21	433
393.07	163
394.87	99
403.65	369
428.42	163
454.00	99
178.73	36
236.22	370
237.93	100
249.43	498
257.23	228
270.27	228
278.76	434
286.40	164
294.90	370
302.70	498
311.70	228
322.00	164
328.79	434
334.00	306
336.52	164
355.92	100
356.95	36
362.34	306
369.27	164
428.40	164
171.38	307
172.98	37
182.58	37
200.80	37
203.88	307
262.66	371
278.50	499
298.02	229
299.10	371
300.35	499
301.82	101
319.97	435
331.07	165
369.95	435
380.35	165
404.22	165
428.57	165
178.73	38
218.95	308
221.58	38
247.20	38
255.88	230
267.45	230
269.32	500
277.01	372
278.27	308
279.27	102
280.12	230
280.77	38
283.08	436
333.47	230
364.75	500
367.04	436
375.60	230
379.96	372
381.87	102
416.97	230
464.17	166
180.60	39
228.53	309
231.05	39
240.50	373
242.83	103
253.95	231
265.67	231
274.71	501
280.32	231
297.30	437
305.52	373
313.17	309
324.13	437
344.12	231
347.45	167
348.50	501
354.52	231
369.95	167
415.50	231
429.15	167
183.00	40
214.00	232
226.97	438
228.40	232
244.95	168
267.95	374
272.02	232
275.90	438
276.47	502
293.20	168
309.32	374
312.02	310
314.17	104
314.67	40
322.57	168
348.68	310
349.85	232
351.82	40
410.03	502
413.62	232
428.67	232
487.42	232
214.46	311
217.35	41
235.93	41
247.50	41
253.45	233
265.15	233
274.81	375
274.97	503
278.02	233
278.55	105
314.39	439
326.73	375
328.13	439
348.47	311
351.10	41
419.68	503
422.47	233
492.02	233
187.90	170
199.23	170
247.73	106
253.78	234
265.45	234
266.29	376
282.71	504
285.47	234
323.41	440
324.61	440
333.41	312
337.96	376
344.25	312
345.44	504
349.35	234
360.65	170
392.27	170
426.17	234
446.72	234
186.30	171
198.25	171
217.54	377
220.18	107
246.34	313
253.97	505
254.10	235
268.39	441
278.00	235
285.87	171
313.27	441
319.05	171
351.61	505
354.52	235
366.67	313
369.60	171
372.52	43
425.26	377
427.47	107
428.42	235
459.75	107
185.45	172
196.92	314
197.90	172
246.08	108
254.65	236
255.56	378
259.93	506
274.31	442
284.82	172
307.93	506
315.95	236
336.27	172
359.24	314
371.23	378
373.42	108
388.42	442
399.15	172
406.77	108
441.95	172
181.33	45
185.45	173
198.13	173
198.61	443
206.95	173
219.18	379
221.28	109
254.93	237
257.08	443
264.87	173
266.00	507
266.52	237
285.27	379
301.62	315
312.74	315
315.92	173
336.65	237
350.67	507
356.17	237
179.25	46
186.10	174
198.90	174
243.40	316
245.43	46
246.90	110
256.70	238
260.67	380
268.20	238
286.58	508
290.72	508
297.17	238
320.83	444
328.32	174
353.73	316
355.82	46
357.17	380
378.67	444
386.05	174
393.22	110
439.90	174
178.73	47
189.30	175
200.50	175
247.68	111
259.31	509
285.92	239
289.72	381
301.55	381
312.41	317
314.77	47
317.97	239
319.84	509
346.70	239
354.52	47
390.85	445
398.87	175
399.48	317
444.14	445
447.90	175
179.25	48
193.20	176
204.55	176
238.35	318
240.23	48
248.13	112
256.35	240
267.90	240
277.93	382
280.40	112
286.57	318
300.50	510
318.02	240
335.91	510
337.24	446
347.82	176
353.45	240
376.57	446
388.67	176
390.87	240
399.58	382
402.47	112
181.33	49
222.64	383
244.98	113
254.03	241
265.75	241
275.98	511
284.77	241
305.81	319
324.30	319
327.18	383
343.21	447
361.20	177
370.87	447
390.42	177
424.02	177
490.02	511
498.65	241
176.85	384
182.13	114
183.15	50
253.35	242
259.57	320
265.02	242
291.28	448
303.49	320
305.27	384
311.62	114
328.35	178
337.66	512
343.30	242
353.90	178
355.24	512
359.44	448
396.47	178
415.70	178
424.02	242
428.30	178
443.62	242
253.23	243
263.23	321
264.87	243
286.89	513
291.07	243
292.97	385
299.13	513
305.49	449
321.33	385
327.20	115
358.04	449
379.75	243
397.32	243
402.90	179
411.10	321
414.60	179
439.80	51
451.52	51
455.47	179
467.17	179
187.03	180
198.95	180
247.58	116
253.23	244
264.87	244
306.00	322
308.90	52
308.99	514
310.90	386
312.95	244
314.62	116
351.43	514
354.15	450
356.95	386
357.00	244
371.92	180
372.05	322
373.85	450
374.67	52
394.62	52
425.77	244
428.20	180
185.28	181
196.12	451
198.05	181
206.23	181
236.86	387
237.03	451
239.43	117
247.08	181
253.40	245
265.00	245
278.45	323
281.72	53
367.55	515
372.02	245
383.44	387
393.89	515
404.25	323
407.52	53
464.27	245
480.42	245
184.73	182
197.75	182
212.98	182
218.16	516
223.55	246
245.98	118
251.64	324
253.23	246
254.17	324
262.37	452
267.75	182
272.49	452
285.45	516
289.90	388
290.00	246
340.65	388
350.57	246
182.50	55
184.60	183
188.29	325
197.90	183
211.70	183
243.53	453
245.93	119
247.78	183
247.85	55
253.98	247
265.65	247
269.54	453
280.27	389
282.40	119
284.11	389
337.06	517
344.75	183
345.85	247
379.23	325
381.67	55
401.22	247
404.87	517
414.00	247
462.40	247
181.33	56
185.00	184
198.55	184
221.58	326
223.63	56
247.00	120
255.93	248
267.45	248
268.93	454
272.72	184
279.28	454
288.34	518
301.06	326
305.85	248
325.22	518
343.65	248
358.69	390
379.57	248
490.60	390
492.50	120
172.03	455
175.75	185
180.60	57
199.13	185
220.92	391
223.48	121
242.28	121
247.18	57
247.46	327
247.85	185
288.80	519
298.49	391
301.37	121
334.57	249
338.29	327
347.45	455
351.67	185
356.00	519
401.65	249
415.90	185
417.70	249
181.33	58
191.68	186
202.93	186
210.92	392
216.90	520
246.58	122
247.01	392
247.28	58
253.53	250
267.25	250
286.85	250
308.98	328
310.85	58
313.00	328
323.05	456
328.82	186
333.56	456
396.33	520
404.32	186
422.40	186
433.40	250
447.55	250
457.92	250
182.50	59
254.83	251
262.54	521
266.45	251
279.55	393
280.30	251
284.78	393
294.57	457
303.20	187
314.75	251
321.46	329
325.07	457
384.35	521
397.07	187
401.95	251
404.34	329
406.22	59
413.15	187
418.32	251
440.67	251
446.62	59
458.27	59
183.93	60
194.37	394
253.56	522
253.93	252
255.92	394
264.57	252
298.75	458
299.99	330
300.26	330
301.01	522
301.90	60
312.75	252
316.27	188
342.79	458
357.00	188
357.97	252
398.92	188
238.15	395
253.53	253
265.22	253
325.74	459
328.04	459
329.88	331
332.02	61
333.94	523
341.97	253
356.10	253
356.17	523
364.48	331
371.42	189
391.16	395
403.00	189
403.17	125
418.07	253
418.92	189
438.30	253
186.90	190
199.30	190
234.85	396
241.00	126
244.97	460
245.62	524
252.63	254
255.48	190
256.50	524
270.45	190
278.85	254
293.83	332
313.60	190
343.57	396
350.07	126
357.42	332
380.21	460
390.82	190
185.25	191
198.43	191
216.20	191
247.28	127
249.98	397
253.63	255
265.27	255
270.27	525
275.55	333
278.37	255
278.57	63
325.15	333
326.30	461
328.15	63
332.02	191
339.36	525
340.38	461
347.47	255
376.11	397
380.40	127
413.90	191
433.95	191
