97.84	540
99.59	604
111.97	796
123.08	668
123.88	256
135.51	732
138.40	256
139.68	192
149.40	462
164.10	192
173.05	192
183.20	192
183.93	526
189.62	398
189.88	256
194.69	334
209.10	270
215.80	0
257.36	810
261.30	1002
263.71	1066
264.85	192
269.73	874
274.32	256
280.57	192
290.25	256
317.97	256
326.98	874
330.38	938
332.53	938
335.24	810
337.95	192
340.32	1066
345.05	1002
349.62	192
351.05	256
394.22	256
86.71	797
95.28	541
97.53	1
108.10	605
110.95	733
111.63	257
114.08	193
115.55	669
154.03	193
162.75	335
163.55	527
170.90	257
183.65	257
197.20	463
198.82	399
202.00	193
213.43	193
213.66	811
222.50	193
230.62	271
232.60	1
258.68	1
293.15	875
303.75	1067
317.76	1003
319.92	1067
320.65	193
321.27	257
324.82	811
350.41	939
364.76	875
371.69	939
380.30	1003
384.40	193
385.72	257
453.80	193
95.80	734
98.55	194
105.70	606
109.63	194
114.01	542
130.01	670
137.77	336
153.22	798
159.96	400
190.69	272
193.22	464
193.30	2
198.18	194
209.23	194
218.50	194
230.80	528
240.80	258
252.20	258
264.59	812
274.61	812
282.00	2
284.35	876
284.48	876
285.82	940
314.98	1004
317.67	194
335.99	1068
340.82	1004
343.39	940
346.32	1068
372.90	258
413.22	258
105.87	607
107.06	799
108.86	543
117.68	195
130.30	195
136.91	735
137.62	273
139.44	941
140.95	195
152.16	671
163.16	401
176.36	465
181.20	195
197.09	529
197.87	337
202.88	195
215.07	813
215.83	259
245.75	1069
246.74	1005
248.01	877
249.78	195
250.79	1069
304.95	813
325.82	1005
327.80	195
343.25	259
385.70	941
406.12	877
407.80	67
441.15	67
88.52	544
90.90	4
97.27	736
101.10	196
104.59	800
112.13	196
112.26	672
114.80	608
191.80	466
192.68	402
192.76	338
197.08	196
205.36	530
208.10	196
234.71	274
238.53	4
243.22	1006
247.15	196
258.80	4
274.23	942
280.02	878
285.30	1006
291.37	196
292.44	1070
334.75	814
341.65	4
344.32	942
373.26	814
377.47	4
389.85	260
410.92	4
422.13	878
425.78	1070
103.49	673
112.96	545
115.73	5
116.12	801
122.93	609
129.35	737
135.88	197
145.38	467
149.73	197
160.08	197
170.03	197
185.03	275
186.45	5
190.82	403
195.97	339
214.55	5
224.52	531
236.00	261
244.35	1007
249.95	197
256.77	815
258.45	5
265.75	197
287.68	879
292.94	879
311.50	197
315.48	943
319.33	943
342.24	815
343.52	1071
344.75	5
358.01	1071
389.00	261
389.15	1007
394.52	197
422.05	261
433.15	261
447.57	5
451.40	197
467.47	197
87.05	738
99.00	198
112.85	198
120.53	610
122.70	802
134.67	546
137.20	6
156.22	674
180.61	276
183.35	6
190.91	532
199.38	262
210.48	262
218.13	340
219.17	468
223.50	404
249.40	198
265.50	944
271.22	1008
271.46	1072
276.15	944
276.81	816
281.67	198
282.15	6
297.95	262
304.98	1072
310.13	816
313.05	262
315.37	6
326.47	198
332.47	262
346.97	1008
357.90	198
391.98	880
398.07	880
102.26	739
102.41	611
105.48	71
109.07	547
111.42	803
132.33	675
155.94	817
167.75	7
168.28	277
189.07	533
192.50	469
196.80	263
200.88	199
207.95	263
212.10	199
219.60	263
228.42	341
270.90	1009
285.66	945
297.40	199
303.53	881
309.43	881
310.10	1009
312.60	199
330.72	945
333.60	199
334.88	817
342.80	7
364.57	1073
366.92	199
370.82	135
384.05	263
397.35	263
416.17	263
429.07	263
441.87	1073
461.15	263
490.72	263
108.13	740
112.67	548
114.15	8
117.05	804
117.08	200
118.77	612
131.78	200
139.72	676
148.65	136
156.45	278
157.60	8
173.93	136
189.34	342
205.26	534
211.93	264
217.41	470
222.68	200
223.00	264
252.16	1010
255.77	882
255.85	1074
259.97	818
260.33	200
267.10	8
271.41	818
273.42	264
295.48	946
301.89	882
304.80	136
311.45	264
312.00	200
314.49	946
322.62	136
345.97	1010
349.34	1074
353.87	200
367.02	264
447.25	8
101.68	741
102.31	613
106.38	201
110.60	549
112.35	9
115.88	805
118.05	201
120.66	677
134.95	471
140.05	201
141.98	137
147.27	279
148.38	9
151.35	201
166.93	343
189.94	535
197.53	265
208.65	265
220.20	265
220.36	883
223.80	1075
243.73	265
253.82	1011
258.08	201
274.13	947
280.57	819
280.57	265
282.45	9
285.25	137
311.24	947
312.44	819
314.35	9
322.12	137
323.97	1011
328.67	201
348.13	883
370.22	1075
389.65	265
391.15	201
423.75	265
447.07	9
87.74	678
113.65	202
116.96	806
127.39	742
131.85	614
142.48	550
144.78	202
149.75	10
162.49	472
167.53	202
171.25	344
185.21	1076
188.28	202
191.69	536
196.66	280
200.10	266
211.15	266
223.87	820
254.63	266
263.35	948
284.08	820
296.29	884
315.67	884
332.27	1012
335.30	202
349.16	1012
360.42	948
392.80	1076
419.37	266
432.82	266
435.70	202
442.20	266
451.90	266
452.12	202
86.74	743
89.03	203
98.65	203
104.71	679
109.35	203
116.80	139
117.24	551
119.88	11
121.71	807
122.18	203
123.37	615
149.49	345
194.46	473
199.25	203
210.38	203
211.23	537
219.80	203
220.57	281
222.08	267
222.50	11
242.80	203
258.53	11
267.82	1077
286.75	1013
289.05	203
289.40	885
292.43	1077
309.21	949
313.42	267
318.20	139
339.10	267
346.69	949
353.27	821
355.17	139
355.35	11
356.72	267
358.21	821
367.02	11
370.17	139
375.69	885
388.12	11
398.97	139
410.22	11
417.01	1013
419.30	203
106.77	680
106.94	552
107.93	12
110.83	140
113.38	204
114.30	744
122.21	616
152.61	808
152.88	204
179.79	282
180.68	12
189.18	140
192.44	474
196.07	538
197.50	204
208.90	204
215.10	268
218.78	204
223.90	140
234.30	346
255.06	886
294.04	950
297.32	1078
297.57	140
298.50	1014
300.67	204
305.31	822
305.43	950
306.90	12
313.30	822
355.55	140
355.57	12
383.75	204
393.14	1014
394.67	268
395.67	204
398.21	886
446.04	1078
446.32	12
99.81	617
102.65	77
110.46	745
112.95	205
119.06	553
121.05	13
138.13	681
139.09	475
141.00	809
144.08	205
148.35	141
154.78	205
162.65	347
174.68	205
177.17	539
186.18	887
188.30	141
201.98	283
203.53	13
235.20	13
245.92	823
249.73	13
261.03	823
262.96	887
265.62	1015
267.95	205
268.90	13
287.21	1015
293.60	951
302.42	1079
304.37	141
309.59	1079
337.07	951
346.27	141
399.35	141
447.32	13
106.23	78
111.21	554
111.73	682
116.10	746
118.10	206
127.76	618
180.82	476
185.18	206
194.95	348
223.77	824
235.70	284
239.03	14
258.18	14
260.92	952
271.12	1016
271.82	142
274.02	206
305.05	888
322.07	824
324.85	14
331.21	888
332.47	1016
334.03	952
337.30	206
345.10	142
83.32	555
84.13	15
110.11	747
114.78	207
117.96	683
121.68	143
129.14	619
148.44	349
158.58	143
168.94	477
173.58	207
185.05	207
188.45	143
195.21	285
196.05	15
200.55	889
223.30	143
235.74	889
258.98	15
274.46	825
275.85	15
298.55	953
301.22	143
303.94	825
305.05	15
326.32	1017
330.62	207
344.04	1017
352.59	953
355.07	143
417.95	143
418.65	207
436.20	207
442.15	143
446.95	15
98.11	684
101.48	144
106.25	620
107.86	556
109.00	16
115.61	748
124.65	208
139.05	208
166.26	286
167.15	16
189.10	144
196.64	350
213.14	478
214.80	16
218.40	208
251.74	1018
259.83	208
274.83	1018
285.03	890
294.96	954
298.17	144
303.03	954
303.39	826
304.75	16
324.67	16
331.01	826
333.15	16
342.27	890
354.85	16
355.45	144
388.87	80
411.07	16
446.50	16
100.88	749
103.78	621
110.81	557
129.56	685
159.38	145
183.44	351
197.98	287
215.83	17
220.50	479
224.86	827
237.99	955
252.43	209
266.30	145
317.62	1019
332.51	827
337.17	209
343.76	1019
344.54	891
352.62	209
401.20	209
431.65	955
438.73	891
440.30	81
458.87	145
474.67	81
487.67	81
492.00	145
96.25	558
97.63	18
110.46	750
115.47	622
118.43	210
133.23	210
134.47	686
139.03	146
149.64	352
157.85	146
172.73	288
174.50	18
187.85	146
215.70	18
223.40	146
234.22	480
240.13	210
251.58	210
267.58	892
277.54	956
281.40	146
282.73	828
287.62	18
319.06	1020
326.32	210
343.90	210
352.68	956
356.60	146
393.44	828
396.35	18
398.02	146
410.97	18
417.62	892
418.46	1020
425.57	210
431.07	18
440.02	210
444.85	82
474.60	18
103.90	147
107.72	623
109.85	559
110.90	19
114.83	211
115.51	751
115.82	687
117.98	147
165.80	353
172.98	147
183.61	481
188.05	211
189.58	147
205.19	289
206.10	19
219.58	211
223.15	147
254.11	893
258.28	19
289.05	957
290.80	147
304.22	957
324.56	829
325.85	19
327.03	829
341.56	893
367.55	19
382.00	1021
385.87	211
389.05	19
391.87	1021
399.67	147
446.15	19
469.95	211
488.10	211
103.27	560
104.73	20
111.50	212
115.64	688
117.09	624
121.60	752
122.40	148
123.88	212
167.88	354
168.43	290
169.88	20
186.32	482
188.60	148
220.43	212
238.74	830
244.83	20
252.64	958
256.75	148
276.55	958
282.55	1022
285.15	212
331.11	830
333.62	20
336.01	894
358.68	1022
362.47	212
386.63	894
411.52	20
447.72	20
99.17	561
104.95	21
107.87	625
111.28	213
121.26	689
123.60	213
131.70	149
142.87	753
145.65	213
151.36	291
154.20	21
157.67	483
168.74	895
169.28	21
173.38	213
189.70	213
199.96	355
203.35	213
251.99	831
257.45	21
258.14	1023
260.43	213
264.18	895
318.11	1023
322.30	213
335.71	959
342.90	149
352.70	831
361.08	959
368.25	149
398.35	149
419.42	149
103.63	150
111.43	562
112.40	214
112.85	22
114.80	626
116.13	690
117.89	754
118.30	150
141.53	214
172.85	150
208.70	356
210.61	896
218.56	292
220.05	22
223.03	150
233.98	960
235.88	150
243.28	214
246.85	484
253.60	214
258.43	22
263.70	214
272.70	896
272.75	1024
275.30	214
291.75	214
302.39	832
303.80	22
309.21	832
309.91	960
311.75	150
324.73	1024
344.07	22
399.50	150
447.47	22
93.97	627
96.70	87
114.33	215
118.22	563
120.08	23
128.35	691
131.18	151
141.32	755
144.25	215
172.40	151
188.33	151
197.23	293
198.65	23
199.05	357
223.08	151
224.60	215
228.08	485
234.95	23
270.97	215
277.46	897
278.73	1025
281.27	215
293.87	833
295.90	23
300.35	1025
321.65	961
324.00	151
326.20	897
353.41	833
355.17	23
370.32	151
381.41	961
383.90	151
410.82	23
446.57	23
103.20	88
109.24	756
111.94	628
112.08	216
120.40	692
129.68	564
163.08	486
167.55	216
187.02	1026
188.20	216
190.19	358
208.01	294
213.83	24
241.32	962
254.95	1026
258.75	216
260.50	152
282.22	152
310.05	962
332.42	898
342.40	898
352.38	834
387.55	88
404.79	834
410.27	24
103.53	89
105.65	757
106.32	629
109.35	565
109.93	217
118.53	693
124.23	153
158.93	153
173.20	295
176.45	25
196.30	25
198.61	359
209.27	487
211.83	1027
213.83	217
223.00	153
261.85	1027
267.45	217
337.49	899
338.32	217
358.10	963
358.92	835
362.40	153
362.43	899
364.60	835
366.07	25
389.02	25
398.37	153
403.95	963
408.25	153
452.40	153
493.77	153
101.13	758
109.28	218
109.94	630
112.03	694
114.23	154
123.55	218
129.90	566
131.23	26
152.15	296
153.53	26
167.59	360
173.98	154
199.24	1028
199.39	964
201.18	154
206.48	218
220.50	218
239.88	900
239.99	836
243.70	488
244.23	26
249.43	218
253.05	154
264.23	836
268.00	26
276.80	218
325.90	964
327.80	154
331.60	900
381.10	154
392.50	1028
399.35	154
399.50	218
415.12	218
447.00	26
451.80	218
466.07	218
105.21	759
106.99	567
118.00	695
120.93	631
123.48	155
127.23	219
141.18	155
141.50	219
160.11	489
168.00	219
179.16	837
183.75	219
188.88	155
194.82	361
215.96	297
222.85	155
234.98	27
235.00	965
239.30	155
259.00	965
263.77	901
284.96	1029
302.57	219
317.56	901
317.70	219
345.77	219
362.79	837
366.77	27
412.10	27
443.94	1029
461.22	219
473.50	219
490.00	219
69.73	568
75.90	28
96.67	760
103.84	632
105.40	220
110.81	696
119.50	220
163.07	490
168.63	220
180.85	220
186.35	362
218.64	298
224.60	156
291.53	966
294.92	1030
302.87	220
306.07	156
318.11	966
329.90	156
334.86	902
356.15	156
374.36	838
378.49	1030
378.64	902
381.28	838
386.45	220
388.15	28
441.00	220
75.47	761
79.88	221
90.03	221
119.56	697
122.93	157
132.89	1031
134.46	569
136.85	29
137.23	221
148.27	633
158.33	157
168.77	299
171.50	29
185.41	363
188.93	157
193.71	491
198.78	221
209.60	221
219.68	221
222.50	157
263.31	839
287.73	839
293.57	29
294.60	903
296.81	903
340.11	967
342.62	157
343.04	1031
347.32	221
371.49	967
440.45	157
472.72	157
107.80	698
108.08	762
110.35	222
111.45	158
132.17	570
135.83	30
140.10	634
187.76	492
189.35	158
195.50	364
206.64	968
209.83	158
221.58	300
221.75	222
226.58	30
236.78	158
253.15	158
257.68	904
294.76	1032
297.45	222
317.73	840
323.67	30
327.83	968
331.32	158
335.66	840
342.65	30
357.56	904
380.25	222
390.35	1032
393.52	222
399.87	158
94.85	571
107.73	699
109.95	223
122.28	223
130.10	763
133.78	223
138.18	635
156.41	365
195.26	493
195.49	301
200.00	223
211.15	223
220.53	223
243.70	223
264.85	905
289.95	841
296.10	841
299.56	969
301.77	905
336.62	1033
339.02	223
345.98	969
355.80	223
379.37	159
384.64	1033
472.72	223
489.72	223
92.54	636
97.23	96
111.53	224
119.18	700
125.73	572
137.93	764
140.78	224
153.82	366
187.41	302
197.45	32
222.50	224
223.58	160
235.28	970
235.52	494
244.30	160
257.63	970
261.67	224
266.32	160
273.22	224
274.14	906
276.97	842
299.21	842
352.63	906
354.89	1034
356.42	1034
357.20	224
452.92	224
470.75	224
473.22	160
103.33	97
113.70	225
118.19	637
121.33	573
122.51	765
126.41	701
130.93	161
146.80	225
159.85	161
169.90	303
188.70	161
193.94	495
198.85	225
210.08	225
210.62	367
219.58	225
222.58	161
283.07	907
293.20	1035
295.42	225
315.01	843
322.03	971
325.87	161
334.49	843
368.00	907
383.53	1035
385.52	971
386.30	225
389.12	161
429.20	161
472.17	161
79.32	702
88.20	162
88.60	638
91.33	98
97.35	766
100.35	226
109.53	574
111.13	226
176.33	368
180.75	496
185.13	226
207.11	844
208.12	304
215.83	34
216.30	226
222.95	162
280.93	844
294.28	908
300.73	1036
303.75	226
305.77	972
314.85	162
322.89	972
332.30	162
355.00	162
373.64	1036
377.70	226
405.92	908
407.62	98
442.02	98
452.82	226
93.37	639
96.00	99
98.52	767
103.08	227
108.20	703
114.80	227
127.30	575
192.15	497
197.50	227
203.01	845
205.86	305
208.55	227
209.35	369
217.90	227
273.82	973
285.82	1037
289.92	227
295.78	845
297.84	973
308.29	1037
329.26	909
337.50	909
383.70	227
405.92	227
474.17	163
91.73	640
94.80	100
108.24	704
110.58	576
112.89	768
118.25	164
121.80	228
136.48	228
187.35	370
190.73	498
196.95	228
204.31	306
208.25	228
209.64	846
219.08	228
222.83	164
233.25	910
260.37	1038
262.45	974
268.25	228
270.55	164
282.73	1038
292.17	974
300.20	164
344.55	228
361.66	910
374.24	846
473.02	164
115.56	769
119.11	705
122.21	577
123.52	641
133.78	307
189.17	371
189.71	499
197.33	229
201.54	975
208.48	229
212.00	165
220.05	229
223.43	165
234.16	911
254.41	847
289.31	975
300.02	165
309.04	1039
328.60	229
335.95	1039
338.20	911
343.22	229
368.94	847
389.97	229
101.05	642
105.75	102
115.89	578
120.42	770
121.81	706
132.78	230
147.25	230
176.26	500
180.14	308
182.45	230
223.88	166
224.24	372
241.26	976
258.29	1040
268.87	230
284.92	230
289.88	976
291.02	1040
295.34	848
320.71	848
330.87	912
334.92	912
358.47	230
400.70	166
94.46	771
96.58	643
100.33	231
113.23	231
125.32	579
144.53	707
177.55	977
178.59	501
183.55	231
191.96	373
195.27	309
204.90	231
222.93	167
231.48	913
281.72	849
299.49	849
304.43	913
317.48	1041
322.90	231
354.91	977
381.70	231
391.48	1041
397.17	231
453.82	231
473.05	167
102.35	580
104.07	708
104.45	644
106.11	772
109.95	232
175.66	374
179.36	502
183.90	232
194.78	310
204.78	232
215.15	232
223.70	168
280.85	978
292.94	1042
296.37	232
298.55	168
309.71	850
317.60	914
318.85	978
325.03	914
325.29	1042
338.17	168
378.12	850
107.92	773
110.05	233
121.57	645
129.31	581
141.38	709
152.46	311
178.64	375
178.70	503
183.13	233
188.88	169
204.00	233
224.30	169
238.85	915
256.60	979
260.34	915
286.69	851
288.12	1043
290.87	233
317.80	979
333.21	851
367.07	1043
368.15	233
83.12	710
109.51	646
111.25	234
117.95	774
123.70	582
199.72	440
204.05	312
206.03	376
209.27	504
209.35	170
213.53	234
220.60	170
237.40	980
256.00	234
274.17	170
289.62	170
291.46	852
301.12	170
319.78	916
337.31	980
337.57	916
349.59	852
374.27	170
388.28	1044
390.90	234
393.60	170
423.45	1044
429.70	234
90.42	711
104.30	107
113.48	235
122.59	775
132.35	647
132.88	583
153.80	377
169.60	505
173.93	235
175.85	441
182.60	171
185.35	235
204.43	235
218.48	313
268.49	981
281.82	917
282.46	981
285.92	171
299.57	171
305.19	853
310.76	917
330.55	1045
333.57	235
339.99	1045
343.75	171
383.34	853
388.87	43
433.30	235
450.22	235
95.44	712
103.90	108
107.83	172
111.69	584
118.55	236
122.50	172
124.71	648
126.40	776
131.30	236
142.80	236
144.85	314
153.76	854
166.50	44
170.29	378
172.18	506
177.20	236
178.42	442
184.35	172
188.25	236
232.39	918
255.44	918
280.21	1046
283.70	236
293.73	1046
298.62	236
335.82	854
353.95	982
364.67	172
404.89	982
410.95	172
460.47	172
104.80	109
120.98	649
127.88	777
131.77	585
134.38	237
134.46	713
143.65	173
147.40	237
154.51	379
157.63	173
170.95	443
177.28	173
188.08	173
195.09	315
211.54	507
216.12	983
216.43	237
223.85	173
227.52	983
235.69	919
245.34	855
261.71	1047
267.12	237
289.96	855
293.60	173
306.36	1047
313.82	237
377.96	919
406.62	109
110.85	586
113.57	778
120.98	714
125.60	238
129.40	174
139.85	238
140.13	650
143.80	174
165.01	316
172.50	380
185.54	508
199.86	856
223.68	444
246.90	1048
249.62	920
251.00	174
257.53	238
301.42	984
301.72	238
308.77	174
325.12	984
360.24	856
387.29	1048
391.47	174
397.70	238
408.57	920
410.25	110
410.80	174
414.07	238
437.47	110
438.55	238
451.02	238
106.14	587
106.30	779
124.43	651
133.45	715
142.63	175
156.68	175
171.91	509
180.20	239
185.10	381
194.94	317
228.97	445
235.30	175
257.35	175
261.87	1049
288.47	239
322.01	1049
322.35	239
344.33	921
348.90	239
349.74	985
351.02	857
357.82	175
360.22	985
362.42	857
377.27	239
377.70	921
407.45	111
427.45	175
96.82	652
100.79	588
105.55	48
129.50	780
139.37	716
151.43	176
162.82	318
166.05	176
179.99	382
199.34	858
205.14	510
205.71	446
211.73	176
211.83	240
222.95	240
223.60	176
251.94	858
258.72	986
269.30	176
281.93	1050
296.73	986
299.32	240
305.84	922
309.17	176
316.77	240
330.42	922
338.59	1050
353.35	176
356.17	240
391.22	240
111.45	653
112.66	717
115.78	241
117.09	781
119.77	589
156.01	383
192.08	319
208.30	447
214.95	177
254.37	923
264.39	1051
271.98	511
273.05	241
278.68	859
286.64	987
290.93	1051
293.78	987
297.40	241
304.30	177
325.23	923
352.90	241
378.79	859
407.72	49
102.92	782
109.03	242
115.81	718
123.77	590
132.39	654
185.78	448
191.08	320
191.85	384
196.18	178
205.90	512
207.43	178
210.75	242
221.80	242
234.68	1052
271.33	988
274.54	1052
281.35	242
306.96	860
308.20	178
310.12	860
312.60	988
322.60	178
343.32	924
349.67	178
393.95	924
73.14	591
75.95	51
111.55	243
114.26	719
139.33	783
139.49	655
144.58	243
183.88	513
188.53	243
191.94	449
198.81	385
210.68	243
211.45	179
222.73	179
237.75	321
253.16	925
255.12	861
267.94	1053
269.69	989
272.15	243
278.28	989
312.96	925
322.89	861
339.92	243
367.27	179
370.46	1053
374.92	243
392.12	179
439.42	243
99.58	656
112.15	244
120.15	720
121.48	784
139.61	592
140.13	180
154.43	180
194.29	386
211.87	514
216.30	244
220.81	322
221.59	450
244.31	1054
258.59	990
276.15	180
287.08	1054
292.55	244
305.96	862
306.30	926
307.24	926
312.72	180
326.44	862
388.33	990
406.20	180
422.40	180
439.80	180
98.25	785
102.78	245
114.65	245
115.59	657
118.78	593
131.06	721
140.90	181
144.51	451
154.90	181
210.56	991
218.30	245
219.15	181
225.75	387
230.28	515
234.78	323
248.86	863
269.76	991
270.30	181
279.62	181
290.66	1055
294.75	245
297.47	863
311.41	927
328.10	181
345.89	1055
351.42	245
365.07	927
112.56	722
118.68	182
120.75	246
124.55	594
130.83	786
133.13	182
135.63	246
150.76	658
154.07	516
158.13	928
159.23	246
169.68	324
170.63	246
173.24	452
178.50	182
182.15	246
189.48	182
207.19	388
247.36	928
252.49	992
258.00	182
258.01	864
273.11	992
277.51	864
285.69	1056
291.00	246
308.33	1056
344.77	182
81.69	659
100.25	595
110.84	787
120.53	247
127.99	723
133.00	183
135.33	247
141.11	325
145.75	183
176.35	453
181.01	389
181.23	183
202.43	183
205.64	517
211.20	247
219.66	1057
222.43	247
257.44	865
285.00	247
286.26	865
287.09	929
288.81	1057
297.65	247
299.47	993
303.80	183
345.17	247
350.82	929
351.97	993
357.65	183
418.72	183
97.48	660
103.58	120
113.90	788
115.68	596
119.78	724
124.33	184
134.53	248
148.70	248
155.55	326
180.58	454
185.15	184
200.50	518
206.90	184
207.95	248
214.09	1058
219.15	184
219.75	248
262.75	930
266.55	248
272.23	390
284.24	866
311.92	994
315.80	184
323.20	994
345.30	930
372.39	1058
389.87	248
400.37	184
423.35	248
423.60	866
439.27	248
444.27	56
84.58	661
104.49	789
120.02	597
136.86	725
141.80	185
153.95	185
155.26	391
166.78	327
210.14	455
213.85	519
214.83	185
247.71	1059
253.76	867
266.44	1059
293.12	249
312.40	995
316.62	185
324.38	931
326.49	867
337.15	249
337.65	931
380.09	995
382.37	185
452.37	185
98.59	726
99.73	598
103.23	58
104.55	186
117.95	186
127.46	662
133.48	790
153.52	520
163.43	250
166.58	392
174.65	250
193.46	328
199.56	456
204.75	186
216.08	186
262.93	996
268.40	186
279.15	868
283.94	932
290.39	868
290.43	1060
322.69	996
327.22	250
328.02	186
339.20	1060
376.20	250
394.90	250
395.81	932
93.57	663
111.92	791
124.05	727
134.33	187
148.55	187
149.39	599
173.32	521
180.20	251
180.69	393
200.43	457
203.90	251
206.25	187
217.73	187
234.82	329
247.95	997
256.73	187
258.06	997
266.30	869
280.11	1061
284.90	933
294.11	933
297.47	251
305.76	1061
313.00	251
328.65	187
357.82	869
368.45	251
85.51	728
102.66	600
105.63	188
105.78	60
112.10	664
116.03	792
117.35	252
120.15	188
129.60	252
143.75	394
189.67	330
190.00	522
196.75	252
202.26	1062
208.08	252
208.12	458
215.25	188
217.18	934
248.48	998
265.97	188
293.78	934
294.85	870
299.66	998
302.30	188
317.65	188
332.76	870
353.35	188
353.84	1062
364.57	252
412.37	252
101.16	729
114.00	253
115.09	601
125.15	793
138.38	253
140.50	665
201.72	459
202.52	331
204.28	523
209.78	253
212.58	189
221.15	253
223.78	189
229.10	395
235.49	999
268.89	1063
276.75	253
280.90	189
282.95	871
295.62	189
299.67	1063
305.66	935
307.31	871
313.80	189
348.81	935
412.74	999
458.02	189
468.55	189
101.38	794
105.16	730
108.99	666
109.48	254
117.40	190
122.88	254
126.62	602
132.13	190
161.31	396
165.70	460
165.97	524
171.30	254
171.70	190
183.13	254
183.85	190
214.47	332
270.99	872
277.67	1064
279.12	936
284.75	254
299.42	254
301.90	936
307.44	1064
325.84	872
327.02	1000
337.21	1000
337.65	190
400.12	190
104.87	667
106.08	795
110.91	603
113.78	731
115.00	255
119.95	191
129.88	255
134.48	191
167.87	397
178.96	333
200.97	461
206.10	191
206.63	525
212.05	255
217.40	191
223.23	255
224.93	1065
226.82	873
276.07	1001
281.37	191
290.90	255
316.61	1001
324.12	191
324.27	937
329.77	937
348.44	1065
354.56	873
356.25	255
382.87	191
416.17	255
